9595:9779,5415
9779:9595
5415:9595,3968,7083,9672
3733:9614
9614:3733
738:3078
3078:738,929,2037,2380,2094,720,4190,9674,5475,7640,4699,3108,6031,9234,9477,10109,4540,5429,5459,5581,5855,10074,7786,8845,9068,9258,9665,9789
929:3078,6091,8479
2037:3078
2380:3078
2094:3078,4699,704,4643,7009,5212
720:3078,2155,163,4686,6258,4643,7009,8947,3442,973,726,8927,1001,9228,5038,5302,6382,8841,9616,10040
1280:6225,4133,623,692,1162,4185,1398,4022,6535,3684,4362,4320,4539,2023,3967,2605,1375,9452,1561,1643,2183,3325,3978,4279,4322,5902,4511,4862,4951,5145,5705,5832,7189,7217,7394
6225:1280
911:6765,1596,1982,3413
6765:911,9040
4190:3078
9674:3078
6031:7428,3078
7428:6031
548:3750,509,787
3750:548,719,922,1886,1897,1968,2155,3531,1269,2160,1170,9287,3900,7999,7541,6585,9033,9170,6101,7735,5875,3850,4809,5786,5818,6202,9175
719:3750,1132,7873,231,7999,1867,6485,757,2918,4834,7971,5772,9262,1054,1056
922:3750
1886:3750
1897:3750,1674,7638
1968:3750
2155:3750,135,253,428,435,702,741,769,857,937,1021,1033,1070,1153,1200,1601,1843,325,720,7043,4063,5801,3518,4182,2689,9737,5476,4419,7388,2270,3512,4909,6092,7939,8905,9199,9446,10173
3531:3750,7873,2158
1269:3750,883,3454,5490,4376,1469
2160:3750,3801,5166,157
1170:3750,2533,1153
3548:5586,434,4173,4812
5586:3548,8551,6649,6363,6971,8245,8667
1672:3043
3043:1672,7379
4133:7095,1280,4643
7095:4133
192:5113,1782,978
5113:192
4578:6468,1634
6468:4578
447:698,1222,4989
698:447,919,1130,9473,2738,4162,7631,7938,1120,1204,1844,2169,2913,3136,3278,4537,5080,5385,5538,6252,6794,9233
4690:6668,3259,4887,5322,8181
6668:4690
2403:7130,723,4566
7130:2403
213:1016,5475,9491,9243,10183,220,225,229,1000,494,659,727,6137,891,5195,1048,1934,10043,5774,5389,5461,8660,6455,6559,6655,7715,9545,9571,9803
1016:213,5317
521:5250,177,624,702,5034
5250:521
564:606,6091,325,8685
606:564,3900,1376,8454,7531,5679,10064,716
623:1280
692:1280
1162:1280
22:399
399:22,995
5599:5732
5732:5599
2388:3168,1602,2808
3168:2388,5570,5561,4287,7169
1133:1453,6143
1453:1133,2672,4554,2335,4267,6551,7322,9805,2231,4780,4811
5763:8410
8410:5763
1401:6725
6725:1401
405:4502,2914,261,1189,3572
4502:405,6015
6500:6501,6474
6501:6500
238:3940,1539,1494,2124,389
3940:238,240,736,970,1383,3872,7640,4643,8791,7009,10154,9143,4027,4707,9425,5438,5981,6096,6203,6815,7905,6900,6986,7035,7124,7558,9171
240:3940,4699,1153,431,532,7009,5490,137,576,1116,650
736:3940,2158,571,5490,786,8592
970:3940,2533,4699,2590,678,2006,5493,7969
1383:3940,1732
3872:3940,362,253,2205,3818,9320,9892,5694,6088,8771,8590
1635:3330,7727,9
3330:1635
374:3825,4699,7009,249,1788
3825:374
7097:8518,2970,8735,9265,9015,9602,9819,7222,7810,8701,9312
8518:7097
1116:1467,240
1467:1116,6429,1634,2602,6895,7872,1487,4620,2072,9926,2235,2463,3042,3438,4392,4432,4546,4693,4833,6180,6268,6374,6775,8937,9239
234:618
618:234,7640,4892,941,2511,2010,4185,4306,1868,1692,1699,3437,2843,6066,4506,4989,7359,7516,6069,647,684,699,863,875,1020,1146,4312,1149,1163,1264,1586,1415,1603,1705,1891,2168,9144,3151,4090,4501,4514,4598,4720,6074,6377,6702,6788,7332,9336,9610
135:2155
253:2155,3872,1182,2070,5490,2726,4568,4920,104,1497,443,1549,6578
428:2155,1601,203,432,762
435:2155,297,7640,6258,2070,6799,9033,5490,2379,3329,5953,8439,937,7435,3773,8985
702:2155,521,1894
741:2155,578,1500
769:2155,1021
857:2155,6245,4686,4874,752,1463,1772,1017,1178
937:2155,435,4470,3478
1021:2155,7640,769,1062,5511,4439
1033:2155,3900,8308,6299,1018
1070:2155,817,7009,5493,4198,1282,1412
1153:2155,4874,7559,1170,240,1956,5404,5157,4263,3242
1200:2155,2533,3900,6245,111,2205,6695,4352
1601:2155,3566,6421,428
1843:2155,1129
325:2155,7640,7999,4686,7043,177,8203,7559,564,7827,9009,596,2634,517,3896,614,1321,8968,2055,1853,1944,2035,2189,2325,3276,4056,5509,6049,6133,7459,7990,8657,8884,9846
231:2597,6091,2533,719,6245,7043,7559,6088,5166,1484,4268,5493,8022,4989,223,8747,6954,2399
2597:231,1192,177,604,297,1867,1374,1663,3566,3900,9892,7009
1192:2597,1001
177:2597,521,7043,325,496,7009,4035,176
604:2597,7640,77,7541,6485,5064,6827,1627,1947,2409,8570
297:2597,435,2726
1867:2597,719,1300,509,743,5738,4939,8453,1993
1374:2597
1663:2597,10116,540,2963
936:1300,7640,2070,867,1273,1659,3636,1955,2486,1179
1300:936,7640,1867,2198,3615,5297,8450
362:3872,6799,2126,2857,8148,227,366,369,439,460,530,1176,1288,1828,2448,2545,2896,9625,4207,4338,6348,6624,8881,9296,10004
2205:3872,4874,2330,31,161,368,451,522,528,785,1200,1685,1805,1902,2085,2101,2172,195,1664,3823,8499,6876,8536,3959,10029,3350,2328,3943,6556,4253,4335,4630,4738,10062,5624,5962,6044,7442,8862,10013,10091,10075,10117
3818:3872,1799
316:5952
5952:316
318:6635,3011
6635:318,524,2121,4533,5236,5382,1132,9892,9464,7250,9782,8643,8403,8440,9493
524:6635,2220,5236
2121:6635,7559,2167
4533:6635,3656
5236:6635,7640,524,6178
5382:6635
1132:6635,6091,8754,137,719,1009,1011,1112,817,448,7640,6485,7009,3518,7463,3163,5944,4989,5575,6718,6427,8755,8892,7597,4497,6676,9322,7799
1539:238,3454,7640,3900,4686,4699,3427
6259:7795,4280
7795:6259,9059
948:1113
1113:948,6147,6264,4989,5813,1576,1846,2141,2279,9526,8574,3170,3470,3598,3645,3686,3869,4122,4204,4243,4448,4452,4719,4938,5012,5132,6130,6901,6157,6260,6575,6660,6792,7784,7811,8028
794:5251,4874,1188,9319,287
5251:794
458:7557,363,8130,7705,3838,2571,2614,5876,3600,8865,7807,8506,6708,7406,4678,6467
7557:458
86:379,1366,9490,1351,8789,9987,3333,3689
379:86,9592,1541,6075,8488,9540,8051,8136,8902
4785:7761
7761:4785,9920,9597,9101
640:5039,7640
5039:640,7873,5823,9386
2158:5330,736,3531,6985,8723,7471
5330:2158,9153
33:533,3123
533:33,3801,5166,4430,2617,703,822,904,974,1530,3013,4781,5279,6704,7854,9255,9537
610:723
723:610,987,2309,4687,5356,3452,4961,10167,7397,9886,2779,782,869,923,2403,3714,1246,1306,1638,1703,1813,1858,1896,1905,2064,9093,4967,3404,6235,3677,4731,5328,5365,5397,5716,10176
2076:3656,368
3656:2076,8297,8583,8035,4533,7924,5031,5687,5714,8886
3391:9915,3299,4375,3871
9915:3391
3411:5918,1293,9719,5491
5918:3411
1576:4471,1113
4471:1576
66:425,7640,9247,790,2309,9098,770,199,205
425:66,7873,1798
4218:4847,3752
4847:4218
2672:1453,5515,3153,3273,7858
535:1602,2783,2797
1602:535,3064,2388,2478,2611,3248,2788,2648,2870,2891,3326,3521
169:6091,4390,1921,2303,2402
6091:169,231,407,445,564,565,608,790,822,929,996,1009,1023,1197,1537,1777,1898,1921,1983,2059,2066,2198,2402,2738,2877,3100,3202,3325,3405,3437,3849,4018,4132,4142,4168,4390,4631,4743,4826,4845,4981,4989,5125,5135,5359,5490,5628,5683,5823,855,771,1132,1105,5992,5803,4696,2830,4699,818,848,4558,9010,6799,6102,6191,7071,7565,6738,6587,9783,10037,7579,9503
407:6091
445:6091
565:6091,477
608:6091,5803,6799,5166,4989,157
790:6091,7640,66,8847
822:6091,4874,6799,4964,1105,1104,1135,533,1277,1721,2302,2625,4853,8184,8850
996:6091,1197
1009:6091,1132,7096,8297,228,1536
1023:6091,1898
1197:6091,996
1537:6091,611,2061,6473,6784,5253,6647,2063,2471,2764,3118,3867,4334,4379,4445,8311,5053,5247,5510,5703,5857,6359,10163
1777:6091,1462,6102,2066
1898:6091,1023
1921:6091,169
1983:6091,9109,203,5240
2059:6091
2066:6091,5064,1777
2198:6091,1273,1288,1657,2124,725,1300,4989,3182,3041
2402:6091,169,6013,4251,3202
2738:6091,698
2877:6091,5068,3849,4132
3100:6091,181,1881,1104,5803,4326,5078,4989,5797,7696,7369,3410,3581,3736,4088,4146,4150,4307,4321,4493,4946,5218,6217,6289,6307,6519,7366
3202:6091,2402
3325:6091,1280
3405:6091,6383,1198,5628,4018
3437:6091,618
3849:6091,2877
4018:6091,4310,3405
4132:6091,2877
4142:6091,7319,157
4168:6091,1859
4390:6091,5166,169
4631:6091,112
4743:6091,5064,2568,4981
4826:6091,1105
4845:6091,1674
4981:6091,4743
4989:6091,8369,231,448,608,1113,1343,2309,2719,3100,3513,4686,1654,795,157,618,2198,4514,2511,980,855,867,1168,1132,1519,447,5468
5125:6091,5803,6799,5166,157,8537
5135:6091,4251
5359:6091
5490:6091,736,743,827,883,958,1865,1973,2554,5166,3823,470,496,2634,253,4874,435,1269,240,6239
5628:6091,3405
5683:6091,5068
5823:6091,7640,5039,6485
855:6091,4874,422,9156,1883,4989,8755,965,3169,3841,1144,1258,2791,1353,1448,1476,1517,1525,1548,1644,1836,2174,4749,4509,2347,2814,3494,3632,7570,3721,9506,4592,4623,4814,5095,5158,5179,5868,6232,7157,7599,10036
771:6091,2710
1105:6091,4874,6799,5166,4826,3964,7001,822,5193,9706,2346
5992:6091,7485,5493,8281,6985
5803:6091,6821,6485,59,70,127,346,481,925,1000,1430,1491,1631,1654,2023,2078,2125,2157,2893,3100,3265,3506,3969,4225,4324,4874,4922,4939,5125,5166,5381,5412,5658,5679,68,5755,1900,3566,4326,3017,608,9156,8006,6184,8951,7934,9469,6938,7231,9760,8501
4696:6091,5166,4326,6705
2830:6091,4827,2213,3782,6200
4699:6091,7999,6258,240,374,430,488,732,817,902,1182,1190,1539,2049,2070,2101,2726,3233,3403,3542,3586,3783,4377,4613,226,3454,958,768,2856,1179,528,3078,1074,970,4474,2094,990,254,7184
818:6091,2511,443,6172
848:6091,120,889
4558:6091,5900,823,8728
9010:6091
2000:7923
7923:2000
209:4827,7541,6258,7772,883,2087
4827:209,493,2830,5209,8232
493:4827,389,1564,4686,6258,777,5412,557,6062,2934,3038,2836,4870,6313,9630,9031,1446,6666,1432,670,866,1697,1829,5775,2112,3300,3777,4466,6036,8119,8331
3259:4690
5475:3078,5300,213,1936,262,1954,3518,260,5412,212
5300:5475,1807
1936:5475,468,2996
262:5475,249
1954:5475,120,8771,7695,3983,9816,3890,6012,9561,2584,3304,5525,6393,6645,8545,9486,7974,8127,8261,8651,8788,8975,9522
3518:5475,3783,4643,1132,2155,571,3747,4458,5185
260:5475
5412:5475,256,889,1879,493,400,462,609,1669,1000,5803,5941
212:5475,312,609,1386,3348,2186,72,400,308,256
202:203,8754,8944,1801,7999,207,1574,365,959,7559,4185,903,918,5235,6188,2817,8771,5747,237,245,789,8543,1010,1400,3717,2151,4725,4596,6164,9313,9414
203:202,8754,7772,743,1983,1088,980,428
743:902,1865,2533,203,1867,5490,1013
902:743,7541,4699,6102
389:493,7640,7043,238
259:8483,434,4209,8994
8483:259,933,10140
933:8483
1865:743,7559,5490,3823,7202,6537
1873:8256
8256:1873,9792
2479:2731
2731:2479,3037,2910,4283,5111,9973
4047:5238,704,8594,5794
5238:4047,9879,8230,5428,5812,10169
2429:2825,1923
2825:2429,3882,4163,6380
987:723
1876:3029,8760,644
3029:1876
6147:1113
4046:5183,4874,1540,4280,8113,4101
5183:4046,7640,7873,6102,6204
8232:9634,4827,9617
9634:8232,9795
2048:2568,1551,2755,4119,3904,2387,2798,3097,3917,4522,4641,4970,5827,7646,8807,9096,9309
2568:2048,3254,8771,6102,4743,8986
503:3201,7541,332,4377,9138,1075
3201:503,6585,3443,3210,4100,4372
990:2982,6258,4699,7559,7009,1579
2982:990,3380,9562
48:5767,861,2212,8792,5351,5597,17,1252,2487,3667,3778,4036,4106,4109,5295,5419,5825,8928
5767:48
2533:231,443,743,883,970,1058,1200,1377,1574,2221,2253,373,959,827,1170,8754,3900,4686,6258,7772,4676,7559,6585,7009,6653,2655,8479,7238,9657,6777,7303,5188,9840
443:2533,7772,697,818,4489,253,497
883:2533,1269,6258,209,5490,5215,3419,8880,9534
1058:2533,7999,4238,973,1743,7009,7068
1377:2533,1684
1574:2533,8944,7999,7541,7043,202,7772,3036,5563,9531,6646,8263,2178,2626
2221:2533,6258
2253:2533,304,2774
373:2533,313,4185,594,2071,5348,4058,4254,4361,382,559,7882,715,761,809,1118,1145,1570,1639,1852,5129,2084,3725,5699,6638,7654
959:2533,8754,3900,7999,8297,202,1496,5493,3424,1080,1063,3965,9257
827:2533,1182,7772,2004,1140,120,1391,5490,2211,4966,6665
882:1424,7640,334,1538
1424:882
236:2887,10000
2887:236,7640,4873
1199:5172,982,2766,8273
5172:1199,5232,6186
233:363
363:233,458,5066,9174
7269:8312,9679
8312:7269
2765:3223
3223:2765,5653,4918,8561
8754:959,1132,2139,3823,5535,202,203,6058,8350,5575,6585,2533
2139:8754,8944,597,2400
3823:8754,5490,1865,718,2205,8771
5535:8754,4185
6058:8754,3353
8350:8754,5575
5575:8754,8350,1132,8580,7252
6585:8754,1273,3201,3750,1585,120,5493,2533,538,9608
8944:1574,2139,3403,202,6597,1553,2755
3403:8944,1321,7999,4699,7009,4753,9931
6597:8944,226
1553:8944,296,3783
2755:8944,2048,7775,9495,9538
2503:7138,4686,509
7138:2503,9700,9710
3664:9195,907
9195:3664
7362:8468
8468:7362
1671:6255,995,5201,2217,5159,8761,7593,6443,8317,6435,3806,7323,8679,8355
6255:1671
137:1132,5157,240,1014
1011:1132,3566,2867,7559,958
1112:1132,555,8771,3371,2359
817:1132,7640,7873,7999,506,4699,1070,8859,1634,2420,3233,2290,7223,8128,6679,2214,1303,1529,1849,2406,3114,3542,4311,7338,9227,8516,8872
448:1132,7772,725,308,704,1228,2691,4217,4989
1321:3403,325
198:5109,897
5109:198,5584
639:2856,7000,1285,2395,3142
2856:639,3900,4699,7009,5493,6102,6028
864:1951,480
1951:864,5049
4874:6927,35,157,205,328,334,413,510,570,649,752,794,822,857,858,903,945,1153,1343,1523,1609,1845,1879,1908,2205,2321,2759,3500,3614,3916,4046,4468,4618,4624,4716,4807,1654,1105,855,3561,1285,4088,4824,5803,6799,5490,9156,9483,6457,5003,9889,6458,5866,8094,5492,4971,5945,6212,8414,10178,10181
6927:4874
1564:493,3900,1995,2223,3128,6960
1506:9501,201,9828
9501:1506
201:1506,1799,813,1390
163:720,7999
2032:3055,3783,7009,2006
3055:2032,6102
9287:3750
1366:86,8233,10124,9701,9986,4332,5805,8361
1293:4148,7640,3411,34
4148:1293,5689,7576
704:5971,7999,3592,2094,4047,448,3840,2033,5496,2154,7148
5971:704
3723:7070,3738,9535,8894
7070:3723
1219:2794,2419,960
2794:1219
396:9109,358
9109:396,760,1272,1565,1983,3041,5593,6823,6982,7669,8691,9329,9341,9509,9896,9938,10060,10172
760:9109
1272:9109
1565:9109,6496,1457
3041:9109,2198
5593:9109
6823:9109,7540
6982:9109,1279
7669:9109
8691:9109
3454:1269,1539,4699,4643,8207,3767
3504:6851
6851:3504
105:6821
6821:105,1656,2344,5346,6224,6371,6540,6565,5166,5803,2009,9517,8852,7376,7747,7791
1656:6821
2344:6821
5346:6821,3123,9796
6224:6821,6992
6371:6821,1182
6540:6821,1556
6565:6821,477
5166:6821,6804,5803,6799,231,608,753,1239,1527,1540,1654,1789,2160,2377,2599,2602,2868,3035,3282,3624,3782,4002,4179,4343,4390,4696,5125,533,4430,867,3561,1105,1900,4326,5490,5746,7778,8613,5374,6659,8405
2009:6821,8676
2976:3360,8641,2707
3360:2976
154:862
862:154,1877,1719,2193,4625
3051:3469,3741,2970
3469:3051,5629,4202,5443
196:7640,358,2760,6935
7640:196,220,274,375,389,435,444,604,618,640,790,810,817,823,882,885,936,1021,1069,1212,1293,1300,1416,1533,1539,1665,1725,1959,2070,2309,2379,3062,3078,3348,3513,3890,3940,3947,4268,4375,4377,4439,4442,4614,4686,5148,5183,5236,5281,5309,5363,5511,5823,5913,6258,6485,4939,325,3819,1132,867,1084,3942,7192,1182,1486,66,3149,6102,787,3590,2887,9283,10061,8778,9871
220:7640,213
274:7640
375:7640,7890,453,1526
444:7640,5307
810:7640,7873,684
823:7640,308,1205,1645,4558,3502,3695
885:7640,832
1069:7640,1938
1212:7640
1416:7640
1533:7640,3106,210,8406
1665:7640
1725:7640
1959:7640
2070:7640,4699,435,936,1018,253,1173,684,3783,2768,6507
2309:7640,7873,66,467,723,837,930,1150,875,6175,4989,6764,5693,2796,3200,3383,3562,3907,4052,4240,4248,4293,4734,4904,5074,5432,5517,6055,7034,7986,8008
2379:7640,435,3893
3062:7640,6383,1352
3348:7640,212,4021,3590,5913
3513:7640,1798,4989
3890:7640,1954
3947:7640
4268:7640,6799,9033,231,6461
4375:7640,3391,4525
4377:7640,7999,4699,503,4778
4439:7640,1021
4442:7640,753,7136,8645,8860
4614:7640,2214
4686:7640,311,557,768,2503,3717,3870,3615,401,325,1539,857,493,777,720,1364,2533,9154,7009,5363,4989
5148:7640,5281,571
5281:7640,8745,5396,5148
5309:7640,3942
5363:7640,4686,7917
5511:7640,1021
5913:7640,3348
6258:7640,7999,208,209,435,517,928,990,1174,1508,2049,2221,2533,3106,4143,4398,4777,4834,6033,493,883,4706,1956,506,720,3918,4699,4858,2867,7009,8352,9848,8879,7916,8474,7356,8842,7595,7717
6485:7640,719,1129,4063,903,604,867,1132,3942,4049,5379,5803,5823,9056,8007,10179,8749
4939:7640,1867,5803,6337
3819:7640,2726
867:7640,3900,6485,762,936,1022,7179,5166,5308,8132,3006,4007,4989,4228,1594,2603,2261,3865,1528,1807,1872,2137,2340,2972,3258,3408,7958,9223
1084:7640,2208,757,4020,4185,8152,1457,1380,1210,3989,1436,2130,3685,3821,4423,5175,5557,6887,8597,7903
3942:7640,8297,6485,8203,777,3977,8686,8716,5309,9622
7192:7640,1390
1182:7640,3900,8415,4699,573,650,713,751,992,827,253,4679,6329,1718,1976,2390,2506,2551,2780,2965,3091,3962,6371,4045,5081,5431,5695,5901,6598,7718,7763,7852
1486:7640,568,2145,5380,3934,4244,8175,2800,4289,5181,5229,6981,7199
3149:7640,1969
6102:7640,7999,7540,7009,311,902,1168,1743,1777,2199,2568,2856,3381,3886,3900,6088,5183,6091,3055,969
787:7640,2196,2601,548,3171
3590:7640,6799,3348,8984
7873:425,2309,5039,6764,7828,817,719,5183,3531,810,9098
6764:7873,2309,8036,7119
7828:7873,1096
3299:3391,2247,7434
4892:618
2132:2247
2247:2132,3299,9300
9026:9510,9098,8255
9510:9026
9247:66
684:810,2070,3582,618
2217:3669,1671,8195,4563,6829,5398
3669:2217,9400,9401
1801:202,6774
266:3566,488,1161,4344,408
3566:266,298,646,903,1011,1043,1186,1236,1384,1601,1776,1781,1916,2138,2223,2262,2374,2410,2597,2963,3012,3017,3047,3072,3450,5803,5760,8771,8790,5473,6187,9814,6081,4820,3797,4252,4796,4805,4978,5771,6832,7042,7776,7955,9121,8408,10046
298:3566,4736,4000,47,599,6294
646:3566,4675
903:3566,4874,6485,202,7545,1438,3500
1043:3566,8281
1186:3566,179,3072,5965,2366,4988,10121,3927,2712,1615,3017
1236:3566,280
1384:3566,1916
1776:3566
1781:3566,496
1916:3566,1384,2351
2138:3566,9892,511,6685,4808,3280,3587
2223:3566,7009,1564,8900
2262:3566
2374:3566
2410:3566,366
2963:3566,1663,3047
3012:3566,1281
3017:3566,5803,9579,8790,3265,1186
3047:3566,2963
3072:3566,1186
3450:3566
554:3900
3900:554,606,1033,1200,1337,1391,1539,3233,1039,2533,1564,959,867,1182,2856,3750,1160,2597,632,6102
1337:3900,365,2514
1391:3900,827
3233:3900,4699,817,3603,10120
1039:3900,3166,7912,174,1195,1540
1160:3900,7541,1018
632:3900,355,850
1094:3477
3477:1094,3687,9075,9766,4296,5401,4260,5390,4908,5769,5605,6046
5368:6682,6108,2707
6682:5368
1877:862,5921,3968,5987,5995,8120,6729,8959,3511,5035,8588
7485:5992
5443:8492,3469,5635
8492:5443,8750
941:618,4049,5047,6489,1157
676:7254
7254:676
995:1671,2089,399
551:625,3801,5736
625:551,1318,3791,1749,4485,5946,7350,5171,808,739,766,852,900,1136,1171,1241,3321,1317,1368,1709,2999,3430,3501,3619,3740,3764,5439,4294,9124
4708:5258,9339
5258:4708,8577,5637,8831,9637,9638
5007:6017,4538,9274,9025,6488
6017:5007
762:2215,867,2149,428
2215:762,6745,5657,3349
7999:163,450,571,1054,1354,1574,1589,1634,1693,1851,2511,3608,3774,3901,4377,4508,6458,6754,7082,7559,1130,959,202,704,3403,6088,325,4398,817,7043,3783,2867,4699,6258,984,6827,1058,719,3750,3036,468,6102,4834,9823,9024,9690,8932,8027,8843,8946,10127
450:7999,3608
571:7999,496,736,7009,3518,5148,2860
1054:7999,719
1354:7999
1589:7999,7082,8313,1693
1634:7999,324,365,557,574,711,768,813,877,1273,1394,817,1467,2363,2609,2726,3127,6105,3188,2237,2364,2682,3881,3892,4197,4578,5319,7497,8198,10160,9435
1693:7999,1589
1851:7999,2162
2511:7999,618,818,813,644,580,4608,4989,6005
3608:7999,450
3774:7999,3901
3901:7999,3774
4508:7999
6458:7999,4874
6754:7999,7772,2444,7009,9930
7082:7999,1589
7559:7999,231,1153,1657,1865,2121,2867,5496,202,789,325,2033,7038,2533,4753,221,1329,1011,1483,990,1995,10164,9432
1130:7999,698,5898,2389
6088:7999,231,3872,958,6102,8452
4398:7999,6258,468
7043:7999,231,1574,2155,2726,2803,2942,325,389,177,1977,8049
3783:7999,4699,980,1553,2032,3518,2070,2006,557,6826,5493,5574
2867:7999,6258,1011,7559
984:7999,1759,223,5493,4117,1521
6827:7999,604
3036:7999,4865,1574
468:7999,280,4398,1936,3925,6593,8688,678,1274,7835
4834:7999,6258,719
8551:5586
5493:5992,6585,7009,9033,959,970,984,1645,2227,2983,3783,2856,231,1070
1600:8362,6495,2147
8362:1600
6495:8378,1600
8378:6495
982:1199,5256
340:5678
5678:340
871:901
901:871,1115,2320,8037,4667,3296,3638,4872,7507,2673,6998,3020,2523,2525,2530,2541,2735,2770,2813,2839,5983,3177,3734,4064,4224,4303,6052,5310,5890,6196,7123,7480
191:4298,1114
4298:191
1073:2707,6221
2707:1073,6045,5368,8906,4272,2976,2984,3936,4212,4962,6663
1185:6421,226
6421:1185,6187,1610,1601,7555,7012,7342
6187:6421,6245,7009,3566
1610:6421
278:7540,6622,5141
7540:278,786,1780,1956,1991,3886,4333,6392,6399,6576,6823,6873,7390,3038,6102,2274,8297,9923,8681,9902,7623,10100,8713,7730,7801,7866,7966,8099,8678,8779,8854
786:7540,1419,736
1780:7540
1956:7540,6258,2101,3462,1153,8475
1991:7540,2116
3886:7540,7541,3054,6102
4333:7540,5463
6392:7540,8328
6399:7540
6576:7540
6873:7540
7390:7540,6848,8455
3038:7540,493
2274:7540,7758
322:709,256
709:322,768,3399,731,2020,2021,2465,4661
506:817,6258,223,4613,3381,5143,2206,5996,2161
77:604,6437,3508,2227,4012
1484:6690,7541,7386,231,5967,9371,9536,1992
6690:1484
6045:2707
7492:8737,6490
8737:7492,8935
7541:503,604,751,902,1484,1574,3886,1160,1161,980,4238,209,3750,2774,4372,7772,9033
751:7541,6245,1182,223,7009,7030
1161:7541,266
980:7541,3783,203,4989,7385,1926
4238:7541,7772,1058
2774:7541,2253
4372:7541,7772,3201
6108:5368
6992:6224,7772
7096:1009
8686:9259,3942
9259:8686
7555:6421,7772,8437,9875
522:4337,2205,311,1685,9551
4337:522
6245:231,751,857,1200,4328,6090,6187,1205,8297,7009,8771,8057,9044,9960,6852,9358
4328:6245,5283
6090:6245
1205:6245,2803,823,4288,8431,9864
6933:9802,7196,7520,7519
9802:6933
2914:405
1691:3414
3414:1691
3160:3186
3186:3160,4118,4196,4131,4599,5626,6333,3362,3712,4555,6373,7473
2593:2619
2619:2593,2834
2548:3196,9012,7493,8062,8291,8322
3196:2548
5201:1671
311:4686,6102,3883,522,2199
557:4686,3783,493,1634,3519,732
768:4686,4699,709,4643,1634,1359,2942,7210,4374,2353
3717:4686,202
3870:4686,68,6253
3615:4686,1300,8203,5420
401:4686,12,4343,1040,619
777:4686,6127,493,3942,10027
1364:4686,2051
208:6258,1585
517:6258,3801,325,2639,5275
928:6258,1119
1174:6258
1508:6258,613
2049:6258,4699,7449
3106:6258,1533
4143:6258,7032
4777:6258
6033:6258,3561,6864
4706:6258,4331,5551,5407,9410
3918:6258,7009,2175
4858:6258,889
104:2949,509,253,2277,168,3808,5088
2949:104,3229,8389
2175:5130,3918,6683,1390
5130:2175
8297:959,3942,4870,6245,7540,7554,3163,7463,3656,1009,3547,924,4675,9033,9053,8481,9585,10137
4870:8297,493,5071
7554:8297,9098,6799
3163:8297,8771,1132
7463:8297,9270,1132
3547:8297,773
924:8297
4675:8297,646
1381:9480
9480:1381
1119:8415,1931,928
8415:1119,2028,1182
2028:8415,1859,10033,6928,9972
280:468,2039,34,634,830,1236
3254:2568,6414
4331:4706,1907
430:4699
488:4699,266,1902,7038
732:4699,7772,2468,557,3115
1190:4699,5154,9666,559
2101:4699,1956,4643,2205,2535
2726:4699,7043,253,1634,297,3819,3327,5445
3542:4699,817
3586:4699,190
4613:4699,506
226:4699,1185,6597,9912,5592,5864,7127,6482,6724,9909,9914,10051,182,1648,3353,4664,5108,5708,6362,8467,9908
958:4699,1129,711,6088,5490,1011
1179:4699,936
528:4699,176,2205,2077,7887,992,3250
1074:4699,538
4474:4699
254:4699,3607
861:48
261:405
1702:2243,2546
2243:1702,3486
207:202,1624
5351:9641,48
9641:5351
5182:6490
6490:5182,7492,6934,6807,8199
960:9269,1219
9269:960
907:3664,4802
1189:405,3084
480:864,2040
573:1182
650:1182,240
713:1182,4643
992:1182,528
2942:7126,7043,768
7126:2942,8940
2803:7043,1205,8222
1977:7043,1008
0:3344,5790
3344:0,9018,6499,4141,3488,4072,6661,4790,5026,5197,5566,5891,5982,6607
2546:1702
2662:3641,9129
3641:2662,4381
2089:995,3355
523:536
536:523,8618
3568:3839
3839:3568
5159:1671
3355:8857,2089
8857:3355
141:3117,696,8604
3117:141
6319:7226,4998,10099
7226:6319
5921:1877,7100,6965,8563,7233,6446,7292,7742,7822,8567
4998:6319
696:141,2461
5991:6345
6345:5991
2783:535
4538:5007
1811:5311
5311:1811
2970:7097,4464,3051
9920:7761
5457:9426,7772,8771,3058
9426:5457
2208:1084
1995:1564,7559
496:571,177,3132,1781,5490,9098,6874,6601
3087:3705,5546,3697,232
3705:3087
2892:4124,2683
4124:2892
84:1707,4963,97,3147
1707:84
2540:2670
2670:2540,5383,2842,2917,3082,4715,4754,5394,7187,8922
8618:536
9592:379
2571:4530,458
4530:2571
35:4874,615
157:4874,5125,2160,4142,4989,8046,174,1523,608
205:4874,5839,66,402,3240
328:4874,4807,828
334:4874,882
413:4874,9621,4246
510:4874
570:4874,3955
649:4874
752:4874,857,795,477
858:4874,1879
945:4874,615
1343:4874,4989,1285
1523:4874,157
1609:4874,7615,2289,1573
1845:4874,10168
1879:4874,5412,858
1908:4874,795
2321:4874,1743
2759:4874
3500:4874,903
3614:4874
3916:4874
4468:4874
4618:4874
4624:4874,287
4716:4874
4807:4874,328
1654:4874,5803,5166,4989,477,8582,3131,6819
3561:4874,6799,1522,5166,9327,7759,5715,7300,6328,5950,7806,7621,8576,10093,4875,3683,3745,3920,4577,5660,4615,4907,4954,6295,6033,6002,6025,9090,6209,6210,6534,7264,7290,7560,7825,7918,8958,9660
1285:4874,2802,4567,639,1343
4088:4874,3100
4824:4874,4185,6896,9955
4352:7386,1200
7386:4352,1484,7772
10:7772,694
7772:10,300,312,448,499,576,694,732,892,1273,2008,2153,2199,2224,2261,2424,2514,2533,2899,3085,3381,4156,4372,4386,4460,4489,4510,4695,4993,5121,5306,6309,6992,7052,7179,7289,7386,1574,4238,7541,214,6754,2196,3592,827,7555,1664,209,203,5457,973,443,3166,5445,9125,8911
300:7772,1417,112,2008,1443
312:7772,212,988
499:7772,1502
576:7772,1664,240
694:7772,6309,10
892:7772
1273:7772,2198,6585,4643,1634,936,2475,1499,4475,4590
2008:7772,300,7796
2153:7772,1455
2199:7772,6102,311
2224:7772,1859
2261:7772,867,7067
2424:7772,9518,1519,9173
2514:7772,1337
2899:7772
3085:7772
3381:7772,6102,506
4156:7772,4141,5613
4386:7772
4460:7772,913
4489:7772,443
4510:7772
4695:7772
4993:7772,1859
5121:7772
5306:7772
6309:7772,694,7052
7052:7772,7289,6309
7179:7772,867
7289:7772,7052
214:7772,180,221
2196:7772,787
3592:7772,704
1664:7772,1859,2205,576
973:7772,1058,720,9541
3166:7772,1039
5445:7772,2726
5066:363
9490:86
3015:9217,2449
9217:3015
1541:4526,379
4526:1541
1759:984
1129:958,6485,1843,1681
4676:2533,8771
4887:4690
6716:8277
8277:6716,8386
1683:2915,3873
2915:1683
1551:2048,8962
1088:203
1376:606
1114:191,5896,7235
2992:6531,3902,2865
6531:2992
2953:3787
3787:2953
2703:2752
2752:2703,5353,6365
509:1867,104,548,6799,2503,2156,2171,8816,4701,5037,6064,9238,935,1143,1422,2073,3125,4184,5548,5943,6543,7198,9479
1288:2198,362
1657:2198,1013,7559
2124:2198,3801,238
725:2198,448
753:4442,5166,10007
1799:201,3818,5978
4063:6485,2155,9952,4075
4049:6485,941
5379:6485,1462,7393
243:2481,3718
2481:243,2566
5546:3087
994:4017
4017:994,5342
514:3949
3949:514,4605,5601
4605:3949
1585:208,6585,7009,3772,4014,8924
1222:447
467:2309
837:2309
930:2309,1837
1150:2309
875:2309,618
2404:2467,6623,5895
2467:2404
2683:2892
308:823,2027,448,10086,212
1938:1069
7136:4442
4420:8859,4304
8859:4420,8645,817
8645:8859,4442
422:855
1318:625
5675:6527
6527:5675,9569,6859,7354,7739,7857,7878,7947,8021,8247,9528
287:7249,4624,8020,10119,10078,470,794,3374,4121,4258,4681,5104,5999,6095,7085,7568,8512,8625,9083,9215,9273,9844,10094
7249:287
1013:1657,4643,743,8052
845:1929
1929:845
9320:3872
2004:827
9154:4686,9207
2590:970
3108:3078,7528,4378
8568:9166,9892,2451,5727,5944,7926,8528,7832,4808,6800,9830,9870
9166:8568
511:9892,2138,6218
9892:511,1939,2785,3872,5944,6635,7238,9388,9431,9525,9635,8214,2597,4808,8568,9870,2138,7926,6218,9718,5052,8254,9577,9961,10128,9898,9919
1939:9892,271,8771,10073
2785:9892,6800,9718,5,6685,5879,5623,9193,4492
5944:9892,6685,1132,8568,9577,8284,7318
7238:9892,2533,9842
9388:9892,5747,10131
9431:9892,3690
9525:9892
9635:9892,9718,4808
8214:9892,9033,7137
4808:9892,9718,8568,9635,2138,8001,5727
9870:9892,8568
7926:9892,8568,6539
6218:9892,7266,511
9718:9892,4808,7404,8306,8528,9193,9635,6685,2785,5727,9539,6800,7282,9577
5052:9892,6612,9943,6838,5867,7766,4129,5784
8254:9892,8020
9577:9892,9718,5944
5738:1867
6800:2785,9718,8568,8443,9713
7404:9718,9156,6799,7832,8837,9646,9928
8306:9718,3690,9899
8528:9718,8568,8443
9193:9718,9539,2785
6685:9718,1706,1814,1950,1998,2138,2266,2314,2785,3553,3683,3964,4080,4507,4673,4937,4990,5160,5293,5713,5727,5784,5867,5944,6155,6243,6431,6437,6390,8443,7054,9328,7355,9264,6870,7421,7063,6714,6783,6789,7064,7267,8867,9419,9726
5727:9718,6685,8568,4808
9539:9718,9193
7282:9718,1591,9465
8546:9573
9573:8546
6745:2215
597:2139,1751,1255,4885
1972:5234,10067,9275
5234:1972,6931
2666:3317
3317:2666
3064:1602
4604:5488,4595
5488:4604
313:373
697:2190,443,754,8420,944,2098
2190:697
175:2079,153
2079:175
365:202,1634,1337,9033,10053,953,7760
3572:405
3697:3087
2367:2581
2581:2367,2865
1018:2070,1160,1864,1319,1033,296,5036
1173:2070
813:2511,201,832,1634,1260
644:2511,4417,4659,8853,8763,8182,580,1546,3858,1876,655,729,1265,1298,1408,1568,2720,3676,8449,3713,4166,6751,8012
580:2511,644
2010:618
5570:3168
9318:9433,8935
9433:9318
4039:6098
6098:4039
4400:5540,5936,2512
5540:4400,5722
12:401
2766:1199
5407:8203,4706
8203:5407,325,3615,6699,3942
6699:8203,1175
181:3100
1881:3100,1104,2685
1104:3100,1881,822
2444:6754,7755,8864
5317:1016,8606
5496:7559,704
789:7559,202,2447
2033:7559,3919,704
7038:7559,488
4753:7559,3403,7436,10102
221:7559,214
1329:7559,6770
1483:7559,1286
711:958,1634
6127:777
678:970,7009,8572,468
176:528,5455,177,894
1496:959
4736:298
5322:4690,6167
6075:379
1351:2980,86
2980:1351,7952,8785,6825,8168,8294,8364,8751,8765,9136,10097
1250:1279
1279:1250,6982,2722,3489,8913,9412
223:751,506,984,231,831
4141:4156,3344
296:1553,1018
757:1084,6070,719,6929,7894
609:212,1669,5412,5259
271:4030,8624,7750,1939,8320,43,538,495,1393,2015,2082,4574,5061,5169,5602,6207,6747,8871,9815
4030:271,9642
1669:609,5412
256:5412,630,322,212
889:5412,4858,1175,848,1315
400:5412,462,212
462:5412,400,7543,4517,3878
1000:5412,5803,213,2078
6804:5166
283:5598,7203,6450,9784,106,377,1098,1437,1527,1735,1899,4413,5069,5686,6314,7234,7642
5598:283
3520:8654
8654:3520
1068:1077,449
1077:1068
2027:308,5150
398:4006
4006:398
2808:4404,2388
4404:2808,6173,7262
431:240,4669
434:259,3548,1107
6550:7915
7915:6550
2802:1285,8628
7890:375
4020:5339,1084
5339:4020
1356:5292,1202,1612
5292:1356,7901
449:1068,5375
8489:8766
8766:8489
2940:6290
6290:2940
1907:5395,112,2119,4331,2299
5395:1907
6070:757
355:632,1008,6007,1225,2641
76:9393,2248,111,1488
9393:76
8454:606,8456
4185:202,373,1280,618,1084,4824,5535,6936,4685
5232:5172,10011
83:474,6327
474:83
6084:6312,562,9399,10070
6312:6084
2006:3783,970,2032
6121:6720
6720:6121
5470:8510,9670
8510:5470
8195:2217
2040:4078,480,2823
4078:2040
332:503,1421
2278:2460
2460:2278
3266:4861,6383
4861:3266,8866,5278
7615:1609
1463:857,5641
5641:1463,7375,8019
1140:827
2680:2829,9407
2829:2680
6994:8541,6134
8541:6994
2289:3961,1609,4340,2588
3961:2289
1008:1977,355
1421:332,2107,5669,3161
6429:1467,9933
1743:1058,2093,1820,2321,6102,6727,3866
1930:4345
4345:1930
210:3801,1533
3801:210,517,551,988,1007,1462,1797,2124,2160,2500,2954,3691,533,3761,6008,9550,7572,4902,4210,5345,9999,10158,3911,3956,4457,4048,4105,4211,4414,4764,5065,5170,7940
988:3801,312
1007:3801
1462:3801,5740,542,1777,9156,5379,9547,2343,3691,1748
1797:3801,1210
2500:3801
2954:3801
3691:3801,1462
3761:3801,7104,3636
532:240,1473
2386:2610,8595,774
2610:2386,5479
5923:9304,6799,3136
9304:5923,9668,9786
453:763,375,9146,1696
763:453,8876
594:373,6451,1061,4255
4890:6452
6452:4890
120:6585,827,1954,7009,3058,848
538:6585,271,1074,3215,2095,4662
232:9572,3087
9572:232
368:1901,2205,7327,10041,195,2076,2957
1901:368,10058,2122
3919:2033
4643:713,768,949,1013,1273,2186,3443,3518,4133,3940,2094,720,3454,3427,357,2101
949:4643,358
2186:4643,212
3443:4643,3201,3848
3427:4643,1539
357:4643,1394
5975:7091,4583
7091:5975
5694:3872
5:2785,1632,5014,3690
6079:8270
8270:6079
5471:8535
8535:5471,9916
380:7392
7392:380
4464:2970,5892
6186:5172
1210:1544,8316,1797,1084,3573
1544:1210
3486:2243
3264:6731
6731:3264
304:2253,525,783
3570:4181
4181:3570,8820
3840:704,9883
541:1168
1168:541,6102,4989,6967
3256:8429
8429:3256
7161:8353,2675
8353:7161
6251:7411
7411:6251
2616:6853,5352
6853:2616
3741:3051
7829:8165
8165:7829
1115:901
624:521
418:2635
2635:418,7731,6040,5336,5449,6286,7224,7299,7425
630:256
6649:5586
2946:4917
4917:2946,7255
1859:1664,4168,2028,2224,2357,3003,3789,3914,4275,4993,7474,7704,8236,8329,9362,9374,9543,9723,9763,9799,9929,9948,10048,10010,10042,10066,10079,10118
2749:5005
5005:2749,7600,6254,7389,7468,7603,9042
59:5803,36
70:5803
127:5803
346:5803,1675
481:5803
925:5803
1430:5803
1491:5803
1631:5803
2023:5803,1280,6385
2078:5803,4921,1000,3969
2125:5803
2157:5803,750
2893:5803
3265:5803,3017
3506:5803,9156,36
3969:5803,2078
4225:5803,754
4324:5803,5658
4922:5803,6799,773,6381
5381:5803,68,9149
5658:5803,4324
5679:5803,606
68:5803,5133,5381,9951,5289,5755,9279,9356,1,294,315,414,446,544,856,1091,1283,1434,1662,8397,7844,1577,1850,1966,2341,3351,3870,4633,4823,5044,5853,6434,6463,6562,6569,6599,6812,6861,7700,8047,8758,8856,9226
5755:5803,68,5963
1900:5803,5166,1278,7845,4249,6162,6975
4326:5803,5166,3100,4696,6723
8906:2707
6173:4404,6781
1798:3513,425,5294,3909,8426,8399,7919,7787,4231,2282,5842,2298,2528,3165,4055,3253,3805,3933,3957,4151,4462,5411,5000,5217,6484,6584,8103
1107:434
16:3009,4314,378
3009:16
97:2081,84
2081:97,2133
8181:4690
4135:4282,3637
4282:4135,7831
1419:786,4945
1791:2522
2522:1791,8705,7753,9849,9940,10034
8273:1199
3902:7874,2992,3929
7874:3902
754:697,4225,2047,3401
8233:1366
5515:6879,2672
6879:5515
2433:6952
6952:2433
8789:86
2988:5062
5062:2988
1719:862,3642,1906
3791:625
1022:867
1674:1897,4845,555
3103:3302
3302:3103
1228:448,3657,1262
107:6799
6799:107,435,608,822,1053,1105,1534,1863,1922,2346,2407,2517,2521,2888,2966,2993,3000,3549,3561,3590,3844,4488,4874,4922,4953,5125,5166,5202,5356,5439,5536,5770,5789,6091,6172,6231,6553,6589,6608,6723,6767,362,3329,509,5923,6177,6184,4268,627,9156,7404,7554,8759,8578,6956,7340,7335,8324,9865,9869
1053:6799,2474,3133
1534:6799
1863:6799
1922:6799,4111,3921,1748,5636
2346:6799,1105
2407:6799,7293,2521
2517:6799
2521:6799,2407
2888:6799
2966:6799,3523
2993:6799
3000:6799,1080,6625
3549:6799,5202
3844:6799
4488:6799
4953:6799
5202:6799,3549
5356:6799,723
5439:6799,625
5536:6799
5770:6799
5789:6799,8744,5578,10139
6172:6799,818
6231:6799,8223
6553:6799,6184
6589:6799
6608:6799
6723:6799,4326
6767:6799,3932
3329:6799,435,6174
6177:6799,10055
6184:6799,6553,5803
627:6799
459:1651
1651:459,4348,6026,4134,8644,6469,8846,2981,2455,1715,1766,1848,1854,1855,1928,2067,2226,3444,2526,2782,3124,2958,3146,4822,3231,3289,3375,3482,3670,3762,3792,4356,4700,4702,4843,5988,6183,6323,6629,6633,7201,7261,7538,7604,7712,7804,8104,8663,8757,9137
656:4766
4766:656
832:813,3475,885,1123
6229:7893
7893:6229
7587:7588,5256
7588:7587,9387,9066
5375:449
773:3547,4922
6612:5052
2768:2070
237:8307,202
8307:237
6826:3783
324:1634
574:1634
877:1634
1394:1634,357,1510,1994,4259
1260:813
111:1200,1345,76
5801:2155
2382:3579
3579:2382
5064:604,1103,2066,4743,2712,4009
1103:5064,730,1687
2712:5064,1186
4009:5064,112
8791:3940
2307:2336,3730
2336:2307,5948,2393,3769,4191,6847,10059,9939,8085,9756
4503:9626
9626:4503
4996:7976,2696
7976:4996
8624:271
7750:271
5722:5540,6063
4579:4960,8707,4580,5050,5305,5326
4960:4579
1941:6078
6078:1941
918:202
919:698
7698:7800
7800:7698,8877,10141
6593:8298,468,6866
8298:6593
5629:9108,3469
9108:5629
3687:3477,6415
3952:4721
4721:3952,5809
9691:9946
9946:9691
5809:4721
3132:496,6715
2461:696
5520:6916
6916:5520,7751,8278,7624,7813,9338
4038:4126
4126:4038,8218
8437:7555
1566:9210,3731
9210:1566
5601:3949
5235:202,8996
1522:3561,6532
3263:7502,2855
7502:3263
2415:5314
5314:2415
228:1009
5896:1114
6743:7514,2142
7514:6743,9590,7582
5760:3566
6296:6671
6671:6296
2108:5847
5847:2108
1872:3433,867
3433:1872
5157:6922,1153,137,9765
6922:5157
3054:3886
1931:1119,2697,7208
8050:8163,8639,7676
8163:8050
1390:201,7192,2042,2175,2950
4583:5975
1386:212,6009
3279:9028
9028:3279
6381:7432,4922
7432:6381
3754:6350
6350:3754
730:1103,7009
5892:4464,6642
7100:5921
2330:2205
555:1112,1674
3752:4218
6188:202,8183,9768
3738:3723
3642:1719
2305:2660,6610,2131
2660:2305,7056
5133:68,6465
8358:9589,4411
9589:8358
7648:9161,1884
9161:7648
2696:4996,7353,4026
2129:2534,2687
2534:2129,6619
7586:8989,7171
8989:7586
2478:1602
874:2203
2203:874,4342,6793,2862,3543,8305
295:1904
1904:295
7009:120,240,374,854,990,1058,2094,2223,2533,2597,2856,6187,6215,6245,5493,4686,1132,3403,6754,751,177,4343,1070,6258,678,720,3918,4376,2032,1585,693,730,3940,2206,5275,1942,6102,6390,571,8250,9033
854:7009,706
6215:7009
4343:7009,5166,401
4376:7009,1269
693:7009,8889
2206:7009,506
5275:7009,517
1942:7009
6390:7009,6685,6089,8526,6814
2691:448
8250:7009
179:1186
1188:794
7543:462
5150:2027
10086:308
568:1486
2145:1486
6923:7274,2418
7274:6923
6619:2534
2220:524,5562
2643:5357,3364,2611,4936
5357:2643
8453:1867
1398:1280
3084:1189
5146:6227,3465
6227:5146
2431:5482
5482:2431
3465:5146
5653:3223,5759,5668
540:3635,99,3157,1663
3635:540
9473:698
9933:6429
1124:1226
1226:1124
4306:618
4411:8358,1080,6433
1080:4411,3000,959,3228
6433:4411
5358:8241
8241:5358
6642:5892
3637:4135
611:1537
3968:1877,5415
791:7578
7578:791
1195:1281,1039,1229,1379,1493,1513,7616,7710,3889,4443,5820,6154,6278,7048,7228
1281:1195,3012,4281
1960:3514,7752
3514:1960,8380,7622
8488:379
1868:618
3080:6134
6134:3080,6449,6994
6449:6134
1732:2394,1383,7209,9188
2394:1732,4237
1480:8811
8811:1480
10154:3940
1239:5166,2868,866,7268,3836,1832
1527:5166,283
1540:5166,4046,5163,1039,3282
1789:5166,3624
2377:5166
2599:5166
2602:5166,1467,6425
2868:5166,1239,7113
3035:5166,3692
3282:5166,1540
3624:5166,3874,1789,6279
3782:5166,2830,4139
4002:5166
4179:5166
4430:5166,533
249:1335,374,7732,262
1335:249,3288
8130:458
427:1344
1344:427
1345:111
1749:625
7104:3761
1202:1356
1359:768
4554:1453,8010,9988
6437:6947,77,6685
6947:6437
8010:4554,9326
5308:867,5781
8132:867,9132
6008:3801
3636:4948,936,3761
4948:3636
5740:1462
542:1462,80
9550:3801
2043:3556,5092
3556:2043
7572:3801
8316:1210,8396
4902:3801
7083:5415
4965:5682
5682:4965,6057
4687:5912,723
5912:4687
7258:8400
8400:7258
3229:2949
1894:702,6171
6171:1894
2567:2795,3059,2513
2795:2567
7731:2635
3004:8603
8603:3004
5644:8146
8146:5644
3462:1956
3925:468
1494:238,7697
1006:1498
1498:1006
4173:3548
2592:2761
2761:2592
5256:7587,982
652:6383
6383:652,1647,2141,2232,2438,2550,3062,3266,3405,4062,4175,5060,5177,5278,5417,6542,8550,9280
1647:6383
2141:6383,1113
2232:6383
2438:6383,2227,6692,6220
2550:6383,5072,3895,1198,3417,5177
4062:6383
4175:6383,1198
5060:6383
5177:6383,2550
5278:6383,4861
5417:6383
4348:1651
1278:1900
1737:9220
9220:1737
1596:911
7078:7205
7205:7078
701:1617
1617:701,4304,2435
5297:1300
358:9033,5495,7185,196,396,949
9033:358,365,435,912,2355,2453,2730,2734,2746,2858,3472,3749,3750,3800,3828,3854,4094,4268,5147,5399,5493,5972,6640,7009,7162,7178,7469,7541,7900,8053,8167,8214,8288,8297,8540,8874,8878,9013,9867,9162,9284
912:9033,2453,4115,932,5907
2355:9033
2453:9033,912,6806,4516
2730:9033,5147
2734:9033
2746:9033,3854
2858:9033,6339
3472:9033
3749:9033
3800:9033,7137,4094
3828:9033
3854:9033,2746,5399,5972
4094:9033,3800,7900
5147:9033,2730,8540
5399:9033,8878,3854
5972:9033,3854,6912,6693
6640:9033
7162:9033,6067
7178:9033,6441
7469:9033,5076
7900:9033,9780,4094
8053:9033,5993
8167:9033
8288:9033
8540:9033,5147
8874:9033,5592
8878:9033,5399,9606
9013:9033,6242
9606:8878
6067:6813,7162
6813:6067
1645:823,5493,6117
1659:936,9192
8735:7097
7030:751,10138
5266:9160,2102
9160:5266,10002,9856,9218,9308,9820
5152:7672
7672:5152
4865:3036,9439
5759:5653
1687:1103
579:1688
1688:579
2093:1743
1692:618
1699:618
716:1700,606
1700:716
4873:2887
2817:202,8771,8402
3033:8830,2087,3539
8830:3033
7531:606
6494:8339
8339:6494
2213:2830
3128:8058,1564
8058:3128
5900:4558
3657:1228
7000:8374,639,8164
8374:7000
9515:9838,9958,8673
9838:9515
9075:3477
1157:8917,941
8917:1157
1175:6699,889,1455
2214:4614,6689,817
2131:4949,6759,8698,5497,6700,2305,3729
4949:2131,9596
1751:597
8577:5258
6339:2858
272:1754
1754:272
556:1822
1822:556
6026:1651
1772:857,9157
1782:192,3997
1973:5490,1473
2554:5490,2363,8755
470:5490,287
2634:5490,325
5213:5333,7690
5333:5213
9129:2662
4381:3641
6653:2533
1820:1743
1864:1018,7167,7287
1844:5611,698
5611:1844
31:2205
161:2205
451:2205,3924
785:2205,7197
1685:2205,522
1805:2205,2085
1902:2205,488
2085:2205,1805
2172:2205
195:2205,368
2420:817
9156:3506,4874,5803,7849,216,855,6799,8369,7860,7404,1462
7849:9156,7063,10044,9402,10018,8605,9836,9334,9767,10088,9089,9317,9489,9884
216:9156,250,582,1618,1778,1817,2805,4245,8812,5027,5041,5138,5149,5951,6917,7186,7422,7929,8210,8607,8655,8821,9462,9521,9699,9757,9832
8369:9156,4989
7860:9156,6561,9985
9943:5052
1883:855
1012:1890
1890:1012
728:1895
1895:728
726:2938,720
2938:726
4217:448,7053,8858,8799,4656,5409,6022
1906:1719
112:1907,4631,300,4009
4918:3223
5668:5653
795:1908,4300,4989,752
9327:3561
6931:5234
5779:8265,2250,7498,7395,9584
8265:5779
718:3823
1940:2622,4646,878
2622:1940,9311
593:6104,1099
6104:593,8938
9464:6635
9059:7795
3876:9062,2455
9062:3876
4280:6259,4046,9039
8643:8855,6635
8855:8643
4646:6132,1940,5502
6132:4646
8761:1671
1955:936
2317:7401,5783
7401:2317
1473:1973,532,4396
530:5691,362
5691:530
1982:911,2294,9085
7137:3800,8214,8451
1993:1867,3448
3399:709
583:2007
2007:583,4898
7705:458
781:2025
2025:781
2834:2619,4241
2039:280
8771:1939,2568,2817,3823,3872,4676,5457,8173,202,3959,3163,6245,1112,1954,3566,9770
8173:8771,5092
3959:8771,2205
2165:4308
4308:2165
4300:795
1611:6305,8491,479
6305:1611
1313:5165
5165:1313
5078:3100,7757
7757:5078
3772:1585,9246
4310:4018,4496
9483:4874
5965:1186
8744:5789
2061:1537
4563:2217,9178,5370,5596,5777
3838:458
4320:7122,1280
7122:4320
5294:1798
387:7513,72,605
7513:387
3909:1798
2071:373,5526
4022:1280
6535:1280
241:2998
2998:241,8981
2087:209,3033
3640:4395,4692,5872
4395:3640
7319:8658,4142
8658:7319
3794:7444,3147,6596
7444:3794
7727:1635
6016:6942,7108,3621
6942:6016
1059:5642,184
5642:1059
2119:1907,3834
2126:362
5867:6930,6685,6431,6089,5052
6930:5867
2133:2081
3136:5923,698
527:2489,9542
2489:527
9597:7761
9596:4949
6062:493
2149:762
1455:2153,1175,2651
2154:704
2156:509
2162:1851
5551:4706,6418
2171:509
8409:9204
9204:8409
1975:2184
2184:1975
2865:2992,2581,3255
8935:9979,8737,9318
9979:8935
8820:4181
8705:2522
4035:177,7112
3452:723
2212:48,8354
2855:3263
8311:9615,1537
9615:8311
9098:66,3658,6050,6507,7051,7554,9026,496,7873,9301
3658:9098,2426
6050:9098,5879
6507:9098,7875,9278,2070
7051:9098,6985
2665:9408
9408:2665,9553
2021:7134,709,5553
7134:2021
2561:3026
3026:2561
8792:48
2227:5493,2438,77
2983:5493
1542:2255
2255:1542,4905
844:2265,8039
2265:844,7602
186:2275,2031,819
2275:186,2365
9517:6821
2290:817,8671
4679:1182,7975,5402,5742,8993,8048,9533
2294:1982,9253
7831:4282
2320:901
20:7963
7963:20
2335:1453
5941:9340,5412
9340:5941
6478:7245
7245:6478
6736:7165,6729
7165:6736
1095:6533,3075,3574
6533:1095
2363:1634,2554,7040
2365:2275,7950
2366:1186
6153:8801
8801:6153
5404:1153
2843:618
2400:2139
2350:2418,4670
2418:2350,5800,2816,6923
3210:3201
4100:3201
1790:3589
3589:1790
2419:1219,7313
8707:4579,8813
2328:2903,2205
2903:2328,5737
5723:8907
8907:5723
2468:732,7567
8475:1956
4288:1205
2474:1053,5191,3584,6741,6423
6473:1537
8947:720
6199:6753
6753:6199
9912:226,9913
1417:2485,300
2485:1417
3006:867
2934:493
5736:551
2240:2520,3372,1399
2520:2240,3991,3428
244:2538
2538:244
9518:2424
2621:5206
5206:2621
9491:213
9540:379
8745:5281
9270:7463
6695:1200,9048
2886:4848
4848:2886
9053:8297
8583:3656
3532:5276
5276:3532
4198:1070
562:6084
969:6102
3058:5457,120
3845:5161,2512,5478
5161:3845,5676,6181,5162
5676:5161
6063:5722,6093
5936:4400,102
102:5936,5522
4553:5645,2512
5645:4553
2512:3845,4400,2482,4553,4622
1621:2553
2553:1621,2847
7593:1671
7930:7949,3982,9794
7949:7930,9827,9557,7995
7758:2274
5688:8460,8790,1488
8460:5688
5348:373
2566:2481,2595
8049:7043,8904
8890:9102,8287
9102:8890
4118:3186
8281:1043,5992,784
784:8281
2595:2566,2692,2600,2698,2986
2601:787
5939:6974
6974:5939
8308:1033
2609:1634
2611:1602,2876,5954,3665,2643,2831
2614:458
2218:2618
2618:2218
5562:2220
2600:2872,2595,4792
2872:2600
5889:6122,1402
6122:5889
7753:2522
2655:2533
4517:462
2922:7645
7645:2922
8938:6104,9983
4778:4377
5638:5854,931
5854:5638
931:5638
5042:5073
5073:5042
126:3077
3077:126
4014:1585
2687:2129,3281
2697:1931
4267:1453
5396:5281
5987:1877
6729:6736,1877
5592:226,5824,7377,8874
8037:901
4667:901
3296:901
7053:4217,9225
9542:527
1046:6195
6195:1046
2412:7676,6267
7676:2412,8050
2996:1936
3684:1280
8420:697,8511
7385:7416,980
7416:7385
2737:7062
7062:2737,8973
9265:7097
2823:2040
2699:2824
2824:2699
9951:68
6204:5183
3571:9131,3659
9131:3571
2836:493,3225
2822:2845
2845:2822
2857:362
1402:5889
6623:2404
3546:8814,8614,9302,8258
8814:3546
4362:1280
2876:2611
8222:2803
7901:5292
898:8162,8934,830
8162:898
8352:6258
3143:6855
6855:3143
3983:9000,1954
9000:3983
7751:6916,8145
3883:311
2918:719
9407:2680
7695:1954
915:3361,411,9565,1986
3361:915
9719:3411
5931:9576,6920
9576:5931
4246:6413,413
6413:4246
6457:4874
8035:3656
2236:8800,6573
8800:2236
3123:5346,8434,33
114:2975
2975:114
10058:1901
34:8675,1293,280
8675:34
2148:2985,9627
2985:2148
2136:3235,2757
3235:2136
7528:3108,9963
1409:7591,5674
7591:1409,9904
3817:4587
4587:3817,7279
7602:2265
3037:2731
942:3048,3096,3209
3048:942
4652:4694
4694:4652
6175:2309
7210:768
3059:2567,5529
3056:3068
3068:3056
2879:3071,3534
3071:2879,3737
5215:883
3075:1095
5839:205
8402:2817
5950:9222,3561
9222:5950
4659:7494,644
7494:4659
6630:6648
6648:6630,7240,7248
3459:7508
7508:3459
2090:6004,1622
6004:2090
3127:1634
6066:618
3575:4765,4729
4765:3575,5134
1969:3149
2979:7346
7346:2979
4418:8970
8970:4418
6497:8248,6103
8248:6497
4134:1651
9579:3017
8790:5688,3566,3017
7012:6421
1706:6685,4060
1814:6685,1258
1950:6685,2314,3654
1998:6685
2266:6685
2314:6685,8404,4665,3458,1950
3553:6685,2475,6379
3683:6685,6125,3561,4129,4629,6155
3964:6685,1105,4672
4080:6685,4060
4507:6685,6834,6243
4673:6685
4937:6685
4990:6685
5160:6685,3735
5293:6685,3455
5713:6685,1832
5784:6685,5052
6155:6685,3683
6243:6685,4507
6431:6685,5867,7815
2955:3217
3217:2955
4196:3186
3225:2836,5916
3248:1602
6143:1133
8869:8992,7721,9609,9890,8972,9441,8971,9306
8992:8869
1444:7668
7668:1444
4595:4604
1543:3305
3305:1543,4001,7407
8816:509
3327:2726
4021:3348
2789:4297,3541
4297:2789
4007:867
7202:1865
8479:929,2533
8900:2223
3353:6058,226,6208
5879:2785,6050,6574
3364:2643
4417:644
3371:1112
3372:2240
3380:2982
2348:3406
3406:2348,5998,3860,3970,5140,5485,5650,5765
3737:3071
3419:883
9958:9515
9766:3477
8673:9515
4304:1617,4420,8955
3442:720
3448:1993
6874:496
3700:3877
3877:3700
7875:6507
3227:9774
9774:3227
3991:2520
2077:3481,528
3481:2077
636:3495,880
3495:636
3502:823
8022:231
6815:7779,3940
7779:6815
3508:77,5055,9091
5876:458
3519:557
7573:8504,6430
8504:7573
6430:7573
2941:3527
3527:2941,7823,4205
3534:2879
2200:3537
3537:2200
3439:5720
5720:3439
6020:9843,5780
9843:6020
5444:7906
7906:5444
3147:3794,3651,5214,84,3621
5861:7942
7942:5861
1962:3569,2493
3569:1962
9816:1954
6759:7413,2131,7021
7413:6759
6985:2158,5992,7051
6774:1801,7409
7250:6635
3011:8266,318
8266:3011
5071:4870,6138
3582:684
190:3586
8020:8254,287
4485:625
5864:226,5887
1884:6185,4830,7648
6185:1884,8279,7145,8357,9658
3600:458
4111:1922,8476,7510
7967:7968,7842
7968:7967
1618:7881,216,5949
7881:1618
3974:7501
7501:3974,9202,9104,7674,9604,9395,8105,8013,8797,9310,9377,9950
3638:901
7545:903
3511:3649,1877
3649:3511
3651:3147,6168,6454
9015:7097
3659:3571
5563:1574
9439:4865
5747:202,9388,10130,10129
6582:6811,3712
6811:6582
2664:3678
3678:2664,9751
5859:7569
7569:5859
5863:6043
6043:5863
7823:3527
4205:3527
9535:3723
8759:6799
3695:823,7729
7127:226
3718:243
4961:723
4670:2350
5946:625
7350:625
3747:3518,5020
9956:10146,9922
10146:9956
5380:1486
543:3775,567
3775:543
4740:7868
7868:4740
7720:7839,7840,7842
7839:7720
7840:7720
7842:7967,7720
802:3813,3492
3813:802
5995:1877
2351:7218,1916
7218:2351
3834:2119
8590:8836,3872
8836:8590
3848:3443
2332:3856,600
3856:2332
792:6658,402,1451
6658:792
7171:7586,8826,7589,9118
2455:3876,7509,1651
4458:7552,3518
7552:4458
3893:2379
1065:3894
3894:1065,9032
3921:1922
3924:451
3929:3902
3934:1486
3369:3944,6321
3944:3369
9780:7900
4580:4579,4884
3977:3942
3727:8271
8271:3727
2747:5741,6958
5741:2747
3997:1782,4617
4314:16
4000:298,7584
4001:3305
6895:1467
6936:4185
8533:8732,4762
8732:8533
3341:4869
4869:3341
5342:4017
4872:901
4058:373
6313:493
6461:4268
2557:4081
4081:2557
10073:1939
4364:5246
5246:4364
3512:4771,2155
4771:3512
8242:10170
10170:8242,10186
6465:5133
1126:4114
4114:1126,4353
4115:912
4119:2048
4672:3964,5277
4131:3186
10099:6319
4123:4144
4144:4123
4162:698
6264:1113
8144:8366,6590
8366:8144,8480
9056:6485
8357:9967,6185,8717,8803,9527,9600,9731,9863,9990
9967:8357,10112
6443:1671
1733:4194
4194:1733
4202:3469
4209:259
4210:3801
1196:4236
4236:1196
3309:4242
4242:3309
8347:9932,7399
9932:8347
4254:373
4272:2707
2506:6479,1182
6479:2506
4296:3477
3884:10012,9921
10012:3884
8984:3590
7759:3561
6756:7606,5715
7606:6756
2926:4319
4319:2926,9382
9103:9564,8341,9315
9564:9103
8341:9103
4340:2289
4342:2203
4374:768,9460
4378:3108
2051:4407,6335,1364
4407:2051
8499:2205
10053:365
9125:7772
6829:2217,6978,6961
2105:4455,2912,4880,2956
4455:2105
10002:9160
913:4460,3191,3045
6573:2236
1643:4479,1280,2146
4479:1643
4608:2511
4506:618
5003:4874,5697
5697:5003
4884:6256,4580
6256:4884
5383:2670
4525:4375
4539:1280
8614:3546
3367:6615
6615:3367,6924,9523,7657
4365:4552
4552:4365
2910:4557,2731
4557:2910
9630:493
4568:253
8120:1877
1159:4584
4584:1159
3415:4594,6169,1961
4594:3415,6801,5883,7026,7988
4599:3186
1987:4607,497,7107
4607:1987
7952:2980
6737:8179
8179:6737
9032:3894
6105:1634
4259:6248,8323,1394
6248:4259
2237:8458,1634,9088,5018
8458:2237
5623:6539,2785
6539:5623,7926,9826
7832:7404,8568
5916:3225
8231:10008,4519,10165,10092,10069
10008:8231
6689:2214
9559:9560,9554
9560:9559
3290:4674
4674:3290
10186:10170
6482:226,10076
2451:8568,1826
8443:6685,3587,6800,8528
3587:8443,9713,2138
3690:8306,9431,5
9349:9777
9777:9349
4692:3640
4701:509
354:4944
4944:354
9657:2533
7108:6016
9602:7097
6777:2533
6414:3254
9848:6258
9238:9260,509
9260:9238
3735:5160
3729:4762,8237,9798,5843,2131
4762:3729,7283,8533,7627
4582:7488,7628,6306
7488:4582
3621:6016,3147
3394:4774
4774:3394
7203:283
4812:3548
7775:2755
6793:2203
3146:4829,1651
4829:3146
4830:1884
6089:5867,6390,6266,7270
6838:5052
6125:3683
1306:4842,723
4842:1306
4547:4857
4857:4547
6610:7086,7770,7841,2305
7086:6610
7342:6421
341:6586,6293
6586:341
6965:5921
8879:6258
2107:4896,6816,1421
4896:2107
5432:5514,2309
5514:5432
4898:2007,7194
6415:3687
6816:2107
9274:5007
972:6925
6925:972
6337:4939
4920:253
1713:4926
4926:1713
1722:4927
4927:1722,5893,6453
5681:8600,5724
8600:5681
5724:5681
7436:4753
4945:1419,9081
8001:4808
3328:7257,4761
7257:3328
4963:84
4964:822
71:4968
4968:71,5369
9025:5007,9261
6599:9512,68
9512:6599
4988:1186
2719:4989
4514:4989,618
1519:4989,2424
5017:8727
8727:5017
6882:9905,7023
9905:6882
10064:606
5034:521
5037:509,8101,8910
6551:1453
5047:941
5050:4579
5055:3508
3346:6918,5776
6918:3346
5092:2043,8173
7063:7849,8424,9633,6685
4617:5105,3997
5105:4617
6009:8123,1386
8123:6009,9077
3474:5112,7120
5112:3474
5837:7225,6378,1763
7225:5837,7476
8578:6799
9670:5470
5214:3147
5134:4765
6596:3794
8237:3729
7074:7297,5122
7297:7074
5143:506
7023:6882
550:9885,40,1311,4893
9885:550
5154:1190,6047
1795:5156
5156:1795
1726:5494
5494:1726
5163:1540
9849:2522
9940:2522
4684:5220,5692
5220:4684
1536:5384,1009
5384:1536
1120:6893,698
6893:1120
3247:5960,1019
5960:3247
9081:4945
3714:7997,723
7997:3714
9382:4319
3712:6582,3186
5277:4672
6834:7373,4507
7373:6834
7325:8786
8786:7325
5289:68
5305:4579
8671:9187,2290
9187:8671
2249:8098,8423
8098:2249
7266:6218
7359:618
7516:618
4962:6370,2707
6370:4962,6892
5326:4579,7830
1488:5329,5688,76
5329:1488
8681:8714,7540
8714:8681
5473:3566
5345:3801
6191:6091
5352:2616
5353:2752
7407:7749,3305
7749:7407,8391
7353:2696
9823:7999
437:5392
5392:437
131:5393
5393:131
5401:3477,5750
6178:5236
10167:723
6138:5071
662:5452,2100
5452:662
2209:8309,8669,5877
8309:2209
6301:8589,1459,9686
8589:6301,8665,8936,9359
5597:48
2931:6686
6686:2931
5478:3845
5479:2610
8006:5803
5491:3411
5495:358
9798:3729
7283:4762
7021:6759,7049,8534
5843:3729,7382
7725:8089,5497
8089:7725
5497:7725,6001,6701,2131
9031:493
8644:1651
9889:4874
8853:644,9969
8763:644
8182:644
1128:7326
7326:1128
5522:102,5940
1784:5527
5527:1784
2426:5533,3658,1134
5533:2426
5948:2336
376:5549,338,661,2700
5549:376
5561:3168
5579:5587
5587:5579
7638:1897
8597:8622,1084
8622:8597
7971:719
9143:3940
5613:4156
7721:8869,7208
5626:3186
4108:5632,3287
5632:4108
5635:5443
3260:5640
5640:3260
3312:5649
5649:3312
8858:4217
5657:2215
8148:362
7197:8344,785,7630
8344:7197,9497,9500
2100:6352,662
6352:2100
7223:817
4182:6247,2155
6247:4182
8865:458
7807:458
8506:458
5689:4148
1714:7374,1861
7374:1714
5715:6506,3561,6176,6756,7158
6506:5715,6987
1861:6654,8591,1714,4752
6654:1861
4577:6613,3561,5063,5932
6613:4577
8526:6390
5692:4684
1832:5713,1239
5737:2903,5819
5746:5166
3599:5749
5749:3599
8620:8720
8720:8620,9293
8317:1671
9091:3508
2250:5779
1841:5780,577
5780:1841,6020,8059
5781:5308
5783:2317
5578:5789,3932
5797:3100
5791:5807
5807:5791
5813:1113
5819:5737,8587
8665:8589
5824:5592
4794:7475,4,7836
7475:4794
9713:3587,6800
9826:6539
9899:8306
1591:7282,3468,4973
8284:5944
7382:5843
7627:4762
6363:5586
5872:3640,8558
2084:7470,373
7470:2084
4494:5881
5881:4494,8299
4987:5888
5888:4987
6896:4824,9398,9655
5122:7074
9398:6896
7300:3561,9736
6176:5715,6462
6328:3561,9628
6718:1132
6427:1132
200:5934
5934:200
4385:5947
5947:4385,9587
8641:2976
5953:435
5954:2611
5963:5755
5967:1484,7177
10139:5789
8279:6185
3122:6969
6969:3122
5998:3406
6001:5497
6007:355
6012:1954,7957,7058
6015:4502
4704:6023,8952
6023:4704
9:6035,8762,1619,1635
6035:9
6040:2635
1109:6041
6041:1109,10095
6561:7860
6047:5154,7010
1667:6053,7324
6053:1667,7451
9202:7501
6057:5682
673:6060
6060:673
6064:509,7561
6069:618,7195
9012:2548
1838:6085
6085:1838
2779:6346,723,3219
6346:2779,9962
8480:8366
8723:2158
4915:6110
6110:4915
2337:6124
6124:2337,7018
1875:6149,6524,89
6149:1875
863:6160,618
6160:863
6450:283
6167:5322,7118
6168:3651
6169:3415
7589:7765,7171
7765:7589
6174:3329
9765:5157
7118:6167
9814:3566
6221:1073
1893:7168
7168:1893,8868
1773:6617,6996,6336
6617:1773
6996:1773
6336:1773,7649
6239:5490,7651
4427:6899
6899:4427
9700:7138
6266:6089
8563:5921
10119:287
9386:5039
6223:10114
10114:6223
6321:3369
6327:83
6329:1182
6333:3186
6335:2051,9715,9903
9916:8535
8951:5803
6425:2602
6378:5837
9741:9742
9742:9741
9747:9758
9758:9747
9743:9753
9753:9743
6752:9740
9740:6752
9830:8568
6978:6829
230:6410
6410:230
2496:6426
6426:2496
8826:7171
6435:1671
4833:10057,1467
10057:4833
10011:5232
9879:5238
7600:5005,7932
9302:3546
8258:3546
6462:6176
7803:8948,7736
8948:7803,9061
6605:7736,7738
7736:6605,7803,8887
9061:8948
2222:9094,25,5639
9094:2222,9552
6469:1651
6715:3132
6488:5007
6489:941
8128:817
9497:8344
6496:1565
6103:6497,4356
6474:6500
473:6508
6508:473
2644:7363
7363:2644
9608:6585,841
841:9608
6338:9422,9593
9422:6338,9724,9841
9547:1462
6524:1875
3710:6525
6525:3710
6620:6999
6999:6620
4850:8901
8901:4850
477:6565,155,1654,752,565
4186:6588
6588:4186
2657:6591
6591:2657
9784:283
9569:6527
7729:3695
3874:6632,3624
6632:3874
9400:3669
5354:8045
8045:5354
25:6672,227,317,2222
6672:25
6679:817
7318:5944
6683:2175
6692:2438
6701:5497,6962
6708:458
8255:9026,108,9456,9263,9176
6724:226
7690:5213
7806:3561
3903:6739,3912,869
6739:3903
7214:8818
8818:7214
6384:9750,9739
9750:6384
9739:6384
5800:6760,2418
6760:5800,7371
7054:6685
6781:6173
7621:3561
6784:1537
5282:6786
6786:5282
6814:6390
1723:6822
6822:1723
6839:6840
6840:6839,6905
6859:6527
6866:6593,8916,9082
6876:2205
6083:9968
9968:6083
1560:6886
6886:1560
6905:6840
8799:4217
6570:6913
6913:6570
9552:9094
6924:6615
6929:757,8848
6934:6490
7399:8347
9293:8720,9440
8218:4126
6956:6799
6958:2747,8487
3897:7402,10038
7402:3897
6962:6701,6990
6967:1168
6971:5586
7631:698
7938:698,8549
2055:6973,325
6973:2055
6987:6506
6990:6962
9923:7540
9827:7949
5200:9482,4152,5878
9482:5200,9530
7624:7983,8015,6916
7983:7624
8015:7624
9557:7949
7001:1105
7010:6047
9495:2755
7018:6124
5194:7025
7025:5194
7770:8444,8117,6610
8444:7770
8117:7770,8559
61:7036
7036:61
7040:2363
3541:7046,2789
7046:3541
7049:7021
8431:1205
7056:2660
5371:7061,7143
7061:5371
939:7790,8700,2674
7790:939
7068:1058
7071:6091
8424:8840,7063,9970
8840:8424
10044:10193,7849
10193:10044
7177:5967,7539
1091:8282,68
8282:1091
9328:6685
7355:6685
9264:6685
9985:7860
9402:7849
2904:7109
7109:2904
7112:4035
8404:2314
8755:855,2554,1132
8249:9190
9190:8249
7143:5371
7145:6185
1731:7147
7147:1731
7158:5715,8699
3161:7160,1421
7160:3161
2675:7161
9642:4030
7167:1864,7685
8892:1132
7184:4699
7185:358
7194:4898
7195:6069
9500:8344
7196:6933
8534:7021
9039:4280
7208:1931,7721
2057:7215
7215:2057
3842:8445
8445:3842,8637,8579,8608
5719:9925,7419
9925:5719
2883:7229
7229:2883
7235:1114
2741:7237
7237:2741
8561:3223
1261:7244
7244:1261
6789:9095,6685
9095:6789
7766:5052
4629:7837,3683
7837:4629
10124:1366
6254:7928,5005
7928:6254
7255:4917
3865:7263,867
7263:3865
7048:7692,1195
7692:7048
3680:7278
7278:3680
7287:1864
3507:7301,6546
7301:3507
9587:5947
6634:9369,7626
9369:6634
7755:2444
7303:2533
9157:1772
7313:2419
6785:7315
7315:6785
7322:1453
1362:9348,8939
9348:1362
7324:1667
7098:8170,6455
8170:7098
7327:368
3049:7334,7909
7334:3049
8046:157
9104:7501
8059:5780
3390:9055,1547
9055:3390,10087
10087:9055
7377:5592
9782:6635
8670:9749,10039
9749:8670
7393:5379
7397:723,9607,8029
7424:7467
7467:7424
7406:458
1748:9708,1922,6631,1462,5814
9708:1748
5483:7429,7754
7429:5483,8817
6470:9321,920
9321:6470
8576:3561
7871:8997,8191,8206,8575,8586
8997:7871
7471:2158
7476:7225
4737:9575
9575:4737
6732:7499,6209
7499:6732,7943
5751:9345
9345:5751
9440:9619,9293
9619:9440
7507:901
7509:2455
7520:6933
2239:7523
7523:2239
1763:7532,5837
7532:1763
908:7553
7553:908
7576:4148
2499:7583
7583:2499
7584:4000
7597:1132
8399:8459,1798
8459:8399
8426:1798
7919:1798
7630:7197,7863
9970:8424,10171
6220:7653,2438
7653:6220
7663:7664
7664:7663
3965:7673,959
7673:3965
7674:7501
9283:7640
7696:3100
7697:1494
2851:8794,7661
8794:2851
8152:1084
3946:7722
7722:3946
1244:7724
7724:1244
7754:5483
9311:2622,10089
9961:9892,9989
8320:271
7787:1798
9805:1453
9261:9025
7827:325,9285,9111
1096:7828,682,1242
7841:6610
9387:7588
7845:1900
5270:8556
8556:5270
7863:7630
7321:7869
7869:7321
7872:1467
9736:7300
10018:7849
7909:3049,8157
7912:1039
953:7914,365
7914:953
3982:7930
7934:5803
7943:7499
4016:7953,5204
7953:4016
7379:8682,3043
8682:7379
7975:4679
7995:7949,9159,8002
8007:6485
10130:10132,5747
10132:10130
3447:8026
8026:3447
8039:844
9983:8938
8057:6245
531:8080
8080:531
10112:9967
8065:8084
8084:8065
5398:8087,9698,2217,8072
8087:5398
9633:7063
8113:4046
612:8126,8427
8126:612
8511:8420
8456:8454
3536:8142
8142:3536,9656
6590:8144
7452:8150
8150:7452
8164:7000
3617:8174
8174:3617
9656:8142
1497:8176,253
8176:1497
9315:9103
8183:6188,9063
9285:7827
8191:7871
8206:7871
6036:8220,493,9725
8220:6036
8245:5586
4519:8231
2939:8584
8584:2939
8604:141
108:8255
3785:8490
8490:3785
3413:8257,911
8257:3413
7515:8267
8267:7515
7367:8466
8466:7367
9339:4708
8370:8375,9172
8375:8370
8299:5881
8323:4259
3119:8327
8327:3119
3663:9733,8432
9733:3663
9770:8771
8380:3514
8391:7749
9465:7282
8427:612
8356:9045
9045:8356
8439:435
8451:7137
8452:6088
8481:8297
9819:7097
8580:5575
10061:7640
8491:1611
8639:8983,8050
8983:8639
8328:9385,6392
9385:8328
8536:2205
8559:8117
8572:678
8575:7871
8586:7871
8587:5819,9555
9172:8370
8591:1861
8594:4047
8605:7849
3418:8611
8611:3418
7590:8623
8623:7590
4169:8627
8627:4169
8637:8445
8685:564
8688:468,10049
8698:2131
8699:7158
8717:8357
4992:9582
9582:4992
8728:4558
8750:8492
8760:1876
8762:9
3468:10152,6344,1591,8129
10152:3468
8785:2980
8803:8357
8813:8707
8817:7429
8333:8838
8838:8333
6272:8839
8839:6272
8287:8890
8846:1651
8852:6821
8868:7168
8880:883
8595:8899,2386
8899:8595
8593:8908
8908:8593
8916:6866
8939:1362
8940:7126
9806:9808,9807
9808:9806
9807:9810,9809,9806
9810:9807
9809:9807
8060:8950
8950:8060,8957
8952:4704
8955:4304,8960
8957:8950
8959:1877
8960:8955
8973:7062
8981:2998
8994:259
8640:9001
9001:8640
9149:5381
9009:325
6242:9013,9381,9073
2173:9023
9023:2173
9024:7999
4136:9027
9027:4136
9040:6765
9044:6245
9077:8123
6511:9080,1953
9080:6511
9082:6866
9085:1982,9601
9118:7171
10055:6177
9138:503
9139:9142
9142:9139
9170:3750
9174:363
9178:4563
9531:1574
9192:1659
9590:7514
9207:9154
9234:3078
8397:9237,68
9237:8397
9243:213,9323,9331
9246:3772
9253:2294
2650:9272
9272:2650,9647
9278:6507
9279:68
9113:9297,9681,9942
9297:9113
7198:9298,509
9298:7198
9319:794
9326:8010
3032:9332,1849
9332:3032
4032:9354
9354:4032
9356:68
9371:1484
5020:9416,3747
9416:5020
9290:9448
9448:9290
9460:4374
7352:9468,8787
9468:7352
9477:3078
7791:9507,6821
9507:7791
6463:9511,68
9511:6463
1756:9519
9519:1756
9527:8357
9530:9482
9536:1484
9538:2755
2811:9544
9544:2811
9553:9408
9179:9554,8261
9554:9179,9559
9561:1954
9562:2982
4564:9568
9568:4564
9585:8297
9593:6338,10035
9600:8357
9601:9085
9604:7501
9609:8869
9628:6328
9647:9272
9658:6185
9663:9785
9785:9663
9666:1190
8129:9667,3468
9667:8129,9917
9668:9304,10085
9672:5415
3400:9677
9677:3400
9681:9113
9690:7999
9710:7138
9724:9422
8787:9728,7352
9728:8787
9731:8357
9751:3678
10041:368
9738:9793
9793:9738
8239:9822
9822:8239
3192:9829
9829:3192
9836:7849
9841:9422
9863:8357
9864:1205
4041:9866
9866:4041
1569:9874,4262
9874:1569
9886:723
9890:8869
9902:7540
10034:2522
9909:226,9911,9910
9911:9909
9914:226
9921:3884
9942:9113
9952:4063
9955:4824
9960:6245
5492:9978,4874
9978:5492
9990:8357
5338:9994
9994:5338
9999:3801
10000:236
10035:9593
10039:8670
10051:226
10078:287
10089:9311
10093:3561
10095:6041
10109:3078
10121:1186
8920:10144
10144:8920
6768:10149
10149:6768
10158:3801
10183:213
10179:6485
1:68,1547
1457:1565,1084
1807:5300,867
1547:1,3390
4:4794
1632:5
5014:5
1619:9
15:49
49:15
378:16
17:48
43:271
8207:8330,3454
8330:8207,8885
8434:3123
615:35,945
36:3506,9030,59,4718
9030:36
37:2254
2254:37
40:550
47:298
227:362,25,291
64:803
803:64,3986
7434:3299
770:66
72:212,387
2248:76
4012:77
82:1207,2505,4363,1550
1207:82
2505:82
4363:82
1550:82
9987:86
9701:1366
7916:6258
5772:719
5197:5230,3344
5230:5197
99:540,1028,934
1028:99,1231
1231:1028,3340
100:4974
4974:100,5054
2277:104
106:283
4361:373,6376
7388:7867,2155
7867:7388
1992:1484,10052,2058,2576,2826,3184,3378,3479,4527,4867,6749,5730,6351,8205
6299:1033
402:792,205
5253:1537
145:350,3863,3672
350:145
3863:145
3672:145
155:477
6646:1574
152:5056
5056:152
174:157,1039,643
168:104,1495
1495:168
766:954,625,3715
954:766
643:174,4157
153:175
5455:176
9883:3840
180:214
182:226,6275
6275:182
2031:186,2613
819:186
194:5436
5436:194
2760:196
199:66
1624:207
850:632
596:325,1249
366:362,2410,3948
4244:1486
225:213
7917:5363
229:213
8747:231
6954:231
2399:231
1040:401
1063:1121,959
1121:1063
1001:1192,720
3475:832
4263:1153
245:202
7732:249
250:216
5041:9944,216,9252
9944:5041
6801:4594,7370
3607:254
4344:266
6622:278
634:280
2981:1651
291:227
294:68
599:298,938
4228:867
338:993,1695,376,735,1427
993:338
525:304,3931,581
1546:4290,644
4290:1546,4836
783:304
3931:525
7778:5166,9453
315:68,5350,7526
5350:5386,315
5386:5350
317:25
323:776
776:323,1304,3803,2924,9791
326:2053,811,821
2053:326
828:328
3858:644
1695:338
735:338,805
3912:3903
6293:341
344:2272
2272:344
1225:355
2641:355,9058
9058:2641
369:362
370:2052
2052:370
559:7060,373,1190,3466
7060:559
377:283
382:373
558:6316
6316:558
605:387
408:266
5526:2071
410:6261
6261:410
9621:413
414:68
4231:1798
2486:936
432:428
4669:431
1446:493
6666:493
8101:5037
7435:435
3304:3671,1954
3671:3304
436:9087
9087:436
439:362
2617:533
497:443,9645,1987,1887
5307:444
446:68
9146:453
460:362
5693:2309
866:1239,493
1135:822
8934:898
484:4053
4053:484
830:898,280
1230:1626
1626:1230
494:213,2716
2716:494
495:271
6081:3566,9781
6601:496
9645:497
5978:1799
5996:506
2639:517,5580
4921:2078
9551:522
581:888,525,1445
888:581,1248
1248:888
7887:528
3215:538
2095:538
80:542,1775
544:68
1311:550
4893:550
1405:9471,619,4154
9471:1405
7882:373
567:543
2398:6830
6830:2398
2860:571
578:1340,741,1835
1340:578
582:216
5866:4874,7684
8094:4874
588:3699,3190
3699:588
3190:588
1432:493
878:1940
6451:594
1061:594
3927:1186
831:223
5171:625
7894:757
1255:597
4885:597
600:2332
10116:1663
3896:325
1229:1195
7565:6091,8652,7895
613:1508
614:325
619:401,1405
620:642
642:620
4157:643
647:618
808:625
655:644
658:1769,668
1769:658
659:213
661:376
1526:375
2047:754,2577
668:1055,658
1055:668
670:493
3967:1280
682:1096,881
651:691,1224
691:651
1163:5186,618,1531
5186:1163
699:618
703:533,1350
7148:704
705:9248
9248:705
706:854
708:3457,7398
3457:708
710:838,4813
838:710
4813:710
2535:2101
9018:3344
6499:3344
715:373
1380:1084
9262:719
727:213
729:644,1320
1320:729
731:709
3115:732,3496,8734
805:735
8592:736
739:625
3985:7295,2814
7295:3985
748:5198
5198:748
750:9603,2157
9603:750
10007:753
3878:462
4567:1285
761:373
764:5373
5373:764
2475:1273,3553
2353:768
2710:771
10027:777
9715:6335,10028
782:723
3652:5377
5377:3652,6456
3171:787
2447:789
8847:790
1352:3062
1988:3019
3019:1988
7369:3100
809:373
811:326
869:3903,723
6137:213
821:326
2211:827
4966:827
1123:832
834:2002
2002:834
835:9380
9380:835
840:2295
2295:840
1258:3039,855,1573,3701,1814
3039:1258
1556:6540,1066
852:625
856:68
8968:325
860:3981
3981:860
21:4233,5796
4233:21
2673:901,2833
2788:2962,1602,2835,3862
2962:2788
880:636
881:682
2846:7629,1469
7629:2846
891:213
894:4098,176,1464
4098:894
897:198
899:1266
1266:899
900:625,3126
1438:903
904:533
4802:907
932:912
5907:912
6806:2453
3191:913
3045:913
411:915
9565:915
1986:915
917:7345
7345:917
920:6470
923:723
8474:6258
1837:930,2103
934:99
935:509
5195:213
4470:937
938:599
2605:1280
8700:939
3096:942
3209:942,3292
944:697
947:1032
1032:947,4309
3424:959,10001,4339
9257:959
964:999
999:964
965:855
3169:855
3841:855
1144:855
305:967
967:305,2114
1612:1356
7950:2365,8612
9541:973
8927:720
974:533
976:5343,2658
5343:976
978:192
8543:202
479:983,1440,1611,1652,5523,6831,7417,8076,8690,8933
983:479,4405,3134
4405:983
4117:984
1521:984
6101:3750
7449:8310,2049
8310:7449
1579:990
991:5976
5976:991
1739:5925,133
5925:1739
1004:1251
1251:1004,3847
1010:202
10052:1992
1014:137
1017:857
2689:2155
9737:2155
1319:1018
5476:2155
4419:2155
5898:1130
1019:3634,3247
3634:1019,3972
1020:618
1062:1021,1165
433:1026
1026:433
3170:4031,1113
4031:3170
3157:540
745:1036
1036:745
1042:4213
4213:1042
1048:213
4875:3561
8582:1654
1056:719,1655
1573:1609,1258
184:1059
5036:1018
1165:1062
1066:1556
1075:503
4283:7022,2731
7022:4283
1513:3407,1195,3555
3407:1513,9834
9228:720
3574:1095
2395:639
3142:639
1098:283
1099:593
1101:5663
5663:1101
5193:1105
9706:1105
10165:8231
2359:1112
2796:2309
1127:1571,1117,2088
1571:1127,2257,2919,2971,3357,3605,3994,5239
1118:373
1117:1127,5702
2088:1127
1681:1129
1549:253
2389:1130
1134:2426
1136:625
1143:509,9292
1145:373
1146:618
4312:618
778:1148
1148:778
1149:618
1151:9049
9049:1151
3242:1153
1586:5528,618
5528:1586,6205
3563:5067,1825
5067:3563,8743
3989:1084
1171:625
452:1172
1172:452
1176:362
1178:857,6657
6657:1178
9469:5803
3466:3880,559
3880:3466
1198:3405,2550,4175
5072:2550
3895:2550
3417:2550
6647:1537
1204:698
3573:1210
4656:4217
1213:3802,4059
3802:1213
4059:1213
1224:651
3340:1231
3188:1634
7268:1239
3836:1239
1240:2484,2852
2484:1240
1241:625
1242:1096
1246:723
1249:596
5283:4328
1252:48
3321:625
3715:6757,766
6757:3715
2791:855
3701:1258
1262:1228
1264:618,1825,3857
1825:1264,3563
1531:1163
1265:644
7735:3750
1274:468
1277:822
1282:1070
1283:68
1286:1483
1291:3707
3707:1291
1594:867
1298:644
1303:817
1304:776
1315:889
1317:625
170:1339
1339:170
1341:2562
2562:1341
1350:703
1353:855
9903:6335
1368:625
1375:1280
1379:1195
4237:2394,5413
1477:1580
1580:1477
2042:1390
1393:271
2063:1537
1399:9107,2458,2240
9107:1399
1400:202,7151
7151:1400
9452:1280
4154:1405
1408:644
1412:1070
1415:618
8743:5067
5669:1421
1422:509
1427:338
1428:4391
4391:1428
1431:8741
8741:1431
1434:68
1662:68
7844:68
1436:1084
1437:283
1440:479
1443:300
1476:4433,855
4433:1476
1445:581,3812
3933:5833,1798
5833:3933
3812:1445,4600,5897
1448:855
1451:792
2651:1455
1459:6301
8889:693,9835
2603:867
2343:1462
1464:894
1469:1269,2846
8263:1574
5124:6939
6939:5124
6096:6857,3940
6857:6096
1479:9205
9205:1479
1849:3032,817
1487:1467
1489:2345
2345:1489
1493:1195,7007
1499:9567,1273
9567:1499
1500:741
1502:499
9828:1506
1507:3623
3623:1507
1510:1394
7616:1195
7710:1195
3555:1513
1517:855
1520:8228
8228:1520,8753
1525:855
1528:867
1529:817
1530:533
8406:1533
1325:1535
1535:1325
1538:882
4905:2255
1548:855
8962:1551,9937
1561:1280
3731:1566
1568:644
1570:373
1577:68
8924:1585
8313:1589
6344:3468,7562
2147:1600
6998:901
1603:618
1615:1186
2435:1617
5949:1618
1627:604
910:1630
1630:910
4620:1467
1638:723
1639:373
2146:1643
1644:855
1648:226
1649:3722
3722:1649
1652:479
3131:1654
8613:5166
1655:1056
1668:6897
6897:1668
1675:346
3873:1683
1684:1377
6205:5528
5209:4827
1514:1694
1694:1514
1696:453
1697:493
1703:723,1996
1996:1703
1705:618
1709:625
1237:1712,2488
1712:1237
1715:1651
1717:8918
8918:1717
1718:1182
1721:822
7209:1732
5413:4237
9188:1732
1735:283
133:1739
3184:7479,1992
7479:3184
6727:1743,9714
6631:1748
5814:1748
3803:776
1766:1651
1767:5840
5840:1767
8628:2802
1775:80
1778:216,8980
2482:2512
1785:2285
2285:1785
1788:374
1679:1793
1793:1679
1813:723
1817:216,3529
1819:5260
5260:1819
3470:5084,1113
5084:3470
1826:2451
1827:4760
4760:1827
1828:362,1997
1997:1828
1829:493,7153,6405
7153:1829
6405:1829
6848:7390
1831:9005,7170
9005:1831
7170:1831
1835:578
1836:855
2103:1837
577:1841
1846:1113
1848:1651
1850:68
1852:373
1853:325
1854:1651
1855:1651
1858:723
10029:2205
5932:7006,4577
7006:5932
4752:1861
4075:4063
89:1875
2685:1881
1887:497
1891:618
7270:6089
1892:6945
6945:1892
1896:723
1899:283
1905:723
4820:3566
5636:1922
1923:2429,7883,2219,2777,3090
7883:1923
2219:1923
1926:980,8390
1928:1651
1934:213
1937:5094,5089,4355
5094:1937
5089:1937
4355:1937
1944:325
1947:604
4665:2314
4060:1706,4080
3458:2314
1952:7387
7387:1952
1953:5408,7989,6511
5408:1953
7989:1953
7622:3514
3904:2048
1957:6324
6324:1957,7741
1961:3415
2493:1962
1762:1964
1964:1762
1966:68
765:1967
1967:765
10067:1972
9275:1972
1976:1182
5775:493
7924:3656
3871:3391,7925
5463:4333
2116:1991
1994:1394
8676:2009
10049:8688
2015:271
2020:709
5553:2021
10033:2028
6928:2028
9972:2028
2035:325
2045:2288
2288:2045,5911
5212:2094
2058:1992
2064:723
2067:1651
5129:373
2072:1467
2073:509
8175:1486,8192
2082:271
1622:2090
5875:3750
2098:697
9986:1366
2161:506,2192
2102:5266
2912:2105
4880:2105
1512:2106,2659
2106:1512
2613:2031
2112:493
2114:967
2122:1901
2130:1084
6700:2131
2137:867
3280:2138
1220:2142,4315,8122,8219
2142:1220,6743
9926:1467
9627:2148
5993:8053,9618,4437
2151:202
8278:6916
2167:2121
2168:618,2575
2169:698,4097
4097:2169,9271
3350:2205,5499
2174:855,3833,2990
4749:855
4509:855
3833:2174
2990:2174
2178:1574
2458:1399
2183:1280
2189:325
2192:2161
2193:862
3182:2198
2201:8139
8139:2201
8669:2209
8354:2212
2226:1651
2231:1453
2235:1467
9088:2237
1154:2242
2242:1154
8423:2249
2257:1571
985:2259
2259:985
2270:2155
2279:1113,3463
3463:2279
2282:1798
5842:1798
2298:1798
2299:1907
2302:822,2494
2494:2302
2303:169
1633:2306
2306:1633,5082
5082:2306
3444:1651
3730:2307
2325:325
2331:5106
5106:2331
2333:3681
3681:2333
2340:867,5414
2341:68
2347:855
3721:4683,855,3930
4683:3721
2357:1859
2364:1634
2368:5120
5120:2368
2369:2647
2647:2369,3728
2381:2414
2414:2381
774:2386
2387:2048
2390:1182
2393:2336
6013:2402
4251:2402,5135
4566:2403
5895:2404
2406:817
7293:2407
2409:604
3020:901,6048
9144:618
9173:2424
2425:5242,8626
5242:2425,9177
2029:2428
2428:2029
9698:5398
8864:2444
2448:362
9093:723
4967:723
2449:3015
2513:2567
4516:2453,5957
2459:4188
4188:2459
2463:1467
2465:709
2471:1537
2487:48
2488:1237
2504:6710
6710:2504
2523:901,2772
2525:901
2526:1651
2528:1798
2530:901,2555
2555:2530,2701,4074
2531:2751
2751:2531
2536:2792
2792:2536
2541:901
2545:362
2551:1182
7262:4404
2668:9732
9732:2668
2559:5099
5099:2559
2564:5245
5245:2564
8986:2568
2575:2168
2576:1992
2577:2047
2584:1954
2588:2289
7957:6012
2692:2595
2767:3389
3389:2767,4477
4792:2600,7084
8223:6231
3665:2611
2847:8201,2553
8201:2847
2831:2611
2625:822
2626:1574
2483:2637
2637:2483,6656
2648:1602
455:2649
2649:455
2658:976
2659:1512
2833:2673
2674:939,3088
2682:1634
3281:2687
2688:2718
2718:2688
2694:2837,2624
2837:2694
2624:2694
2698:2595,2721
2721:2733,2698
2733:2721
2700:376
2701:2555,6326
2705:2875
2875:2705
2720:644
2722:1279
2735:901,6361
6361:2735
2745:2864
2864:2745
2756:6778
6778:2756
2757:2136
293:2763
2763:293,4171
4171:2763
2764:1537
4725:202
2770:901
2772:2523
2775:8133
8133:2775
2777:1923
2780:1182
2782:1651
3124:1651
4492:2785
2835:2788
2793:3022
3022:2793,3709
3709:3022
9526:1113
8574:1113
7685:7167
2797:535,3593
3593:2797
2798:2048,3706,9821
3706:2798
2800:1486
2805:216
2813:901
2814:855,3985
2816:2418
2826:1992
6200:2830
2839:901,5405
5983:901,6198
2842:2670,3779
3779:2842
7661:2851
2852:1240
6028:2856
2862:2203
2866:7092
7092:2866
2870:1602
5068:2877,5683
2891:1602
2896:362
2913:698,6071
6071:2913
2917:2670
2919:1571
2228:2923,6201
2923:2228,4739
2924:776
2163:2944
2944:2163
2948:8325,8112
8325:2948
5191:2474
8112:2948
8389:2949
2950:1390
5776:7931,3346
7931:5776,8038
2956:2105
2957:368
2958:1651
2964:6707
6707:2964
2965:1182
2971:1571
2972:867
2984:2707
2986:2595
2994:10080
10080:2994
2999:625
6625:3000
2515:3002
3002:2515
3003:1859
3013:533
4074:2555
3539:3033
3692:3035
3042:1467
475:3065
3065:475
3082:2670
3088:2674
3090:5677,1923
5677:3090
3091:1182
3097:2048
3102:3554
3554:3102
9625:362
3114:817
2629:3116
3116:2629
9101:7761
3118:1537
4822:1651
3125:509
3126:900
3133:1053
3134:983
3151:618
3153:2672
3165:1798
4055:1798
3177:901
3200:2309
3219:2779
3228:1080,7702
7702:3228
3231:1651
3603:3233
10120:3233
3240:205
3250:528
3253:1798
6852:6245
3255:2865
3258:867
3273:2672
3276:325
3278:698
3287:4108
3288:1335
3289:1651
3292:3209,7243
1582:3293
3293:1582,7745
7745:3293
3300:493
3326:1602
3333:86
3349:2215
3351:68,4116
5990:7605,3352
7605:5990
3352:5990
3357:1571
3362:3186
3374:287
3375:1651,4556
3378:1992
3383:2309
7371:6760
3401:754
9931:3403
3404:723
9834:3407
3408:867
3410:3100
5883:4594
10001:3424
1083:3425
3425:1083
3428:2520
3430:625
3438:1467
6235:723
975:3461
3461:975
7562:6344
4973:1591
3478:937
3479:1992
3482:1651
3488:3344
3489:1279
3491:4919,5554
4919:3491
3492:802
3494:855
3496:3115
3501:625
5185:3518
3521:1602
3523:2966
3529:1817,6538
6538:3529
3543:2203
6379:3553
3562:2309
3581:3100
3584:2474
3598:1113
3605:1571
3619:625
3622:7551
7551:3622
6279:3624
3632:855
7570:855
3645:1113
6454:3651
3654:1950
8432:3663
3667:48
3670:1651
3676:644
8449:644
3677:723
6870:6685
4129:3683,5052
3685:1084
3686:1113
3689:86
3713:644
3725:373
3728:2647
3734:901
3736:3100
3740:625
3745:3561
3748:7781
7781:3748
3757:7933
7933:3757
3762:1651
3764:625
3767:3454,4795
3769:2336
3773:435
3777:493
3778:48
4139:3782
5574:3783
3786:4815
4815:3786
3789:1859
3792:1651,8155,4504
8155:3792
4504:3792
3797:3566
3805:1798
5893:4927
4600:3812
3806:1671
3808:104
5897:3812
3821:1084
3822:7612
7612:3822
3832:4745
4745:3832,10115
3847:1251
3850:3750
3857:1264
3860:3406
3861:5210
5210:3861
3862:2788
7421:6685
3866:1743
3867:1537
3869:1113
6253:3870
7925:3871
3881:1634
3882:2825
6418:5551
3889:1195
3892:1634
3907:2309
3911:3801
3914:1859
3917:2048
3920:3561,7662
7662:3920
3930:3721
3939:4229
4229:3939
3936:2707,6389
6389:3936
8837:7404
8716:3942
3943:2205
6556:2205
3948:366
3955:570
3956:3801
3957:1798
3962:1182
3970:3406
3972:3634
9506:855,9833
3978:1280
3986:803
3990:5184
5184:3990
3994:1571
4457:3801
5204:4016,7458
7958:867
4026:2696,6417
6417:4026
4027:3940
4034:8542
8542:4034
4036:48
4045:1182
4048:3801
4052:2309
4056:325
4064:901
4072:3344
2809:4086
4086:2809
4090:618
4101:4046
4104:4456
4456:4104
4105:3801
4106:48
4109:48
10043:213
8476:4111
7510:4111
4116:3351
4121:287
4122:1113
4146:3100
4150:3100
4151:1798
4160:6567
6567:4160
4163:2825
4166:644
4184:509
4685:4185
4191:2336
4197:1634
4204:1113
4207:362
6661:3344
4211:3801
4212:2707
4224:901
4240:2309
4241:2834
4243:1113
4245:216
4248:2309
4249:1900
4252:3566
4253:2205
4255:594
4258:287
4681:6193,287
6193:4681
4260:3477
5390:3477
4262:1569
8812:216
4270:9797
9797:4270
356:4271
4271:356
4275:1859
4279:1280
4281:1281
4287:3168
4289:1486
4836:4290
4293:2309
4294:625
4303:901
4307:3100
4309:1032
6738:6091
4496:4310
4311:817
4315:1220
4321:3100
4322:1280
4332:1366
4334:1537
4335:2205
4338:362
4339:9659,6885,7135,3424
9659:4339
6885:4339
7135:4339
4353:4114
4356:1651,6103
4360:8024
8024:4360
4379:1537
4392:1467
4396:1473
4397:4490
4490:4397
4413:283
4414:3801
8936:8589
2342:4422
4422:2342
4423:1084
4432:1467
9618:5993
8860:4442
4443:1195
4445:1537,9653
9653:4445
4448:1113
4452:1113
4462:1798
4466:493
4475:1273
4477:3389,7076
7076:4477
5902:1280
4493:3100
6587:6091
4497:1132
4501:618
8932:7999
4511:1280
5957:4516
3522:4520
4520:3522
4522:2048
4527:1992
4537:698
4540:3078
4546:1467
2354:4550
4550:2354
9988:4554
4555:3186
4556:3375
9783:6091
4562:9812
9812:4562
4574:271
5660:3561,7544
5063:4577
7628:4582
6306:4582
5257:6276
6276:5257
7279:4587
4590:1273
4592:855
1503:4593
4593:1503
7026:4594
7498:5779
7395:5779
4596:202
4598:618
4611:6403
6403:4611
4615:3561
4622:2512
4623:855
4625:862
4630:2205
4633:68
4641:2048
5502:4646
8230:5238
4658:7259
7259:4658
4661:709
4662:538
4664:226
6052:901
4678:458
4693:1467
4700:1651
4702:1651
9410:4706
4707:3940
4715:2670
4718:36
4719:1113
4720:618
1842:4728
4728:1842
4729:3575
4731:723
4734:2309,7575
4738:2205
4739:2923
4750:4779
4779:4750
10102:4753
4754:2670
4761:3328
4764:3801
4780:1453
4781:533
4790:3344
7084:4792
7836:4794
4795:3767
5411:1798
4796:3566
4805:3566
4809:3750
4811:1453
4814:855
4823:68,5979
5774:213
4839:6409
6409:4839
9607:7397
4843:1651
3373:4851,5539
4851:3373,6845
6845:4851
4853:822
8999:9291,6542
9291:8999
8866:4861
4862:1280
4867:1992
8184:822
4877:6780
6780:4877
6749:1992
4879:7002,8602
7002:4879
4889:6755
6755:4889
4891:8659
8659:4891,10175
4903:7272
7272:4903
4904:2309
4907:3561
4908:3477
4909:2155
456:4923
4923:456
5369:4968,5974
6453:4927
4936:2643
4938:1113
4946:3100
4951:1280
4954:3561
4970:2048
4971:4874
4978:3566
6252:9888,698
9888:6252
10062:2205
5468:4989
4999:7814
7814:4999
5000:1798
372:5001
5001:372
1764:5010
5010:1764
5012:1113
5018:2237
5026:3344
5027:216
5031:3656
5032:9949,7506,7275
9949:5032
7506:5032
5035:1877
5038:720
2362:5040
5040:2362
8038:8395,7931
8395:8038
9252:5041
5044:68
5049:1951
5053:1537
5054:4974
7233:5921
5061:271
9425:3940
5065:3801
5069:283
5074:2309
5080:698
5081:1182
5088:104
5095:855
5104:287
5108:226
7830:5326
5110:7383
7383:5110
5111:2731
8537:5125
5132:1113
5138:216
5140:3406
5141:278
669:5142
5142:669
5145:1280
5149:216
5158:855
6181:5161
5162:5161
5169:271
5170:3801
5175:1084
5176:7719
7719:5176
5179:855
5181:1486
5188:2533
5189:5205
5205:5189
6741:2474
4152:5200
8455:7390
7370:6801
5878:5200
5217:1798
5218:3100
9856:9160
5229:1486
5239:1571
5240:1983
9177:5242
5247:1537
5259:609
5279:533
3455:5293
5295:48
5302:720
5310:901
8606:5317
5319:1634
5328:723
9153:5330
5336:2635
9796:5346
5365:723
2690:5366
5366:2690
5370:4563
5374:5166
4636:5376
5376:4636
7649:6336
6456:5377
5385:698
5389:213
5394:2670
5397:723
5769:3477
5402:4679
5405:2839
5409:4217
7128:7530,6694
7530:7128
5420:3615
5414:2340
4408:5416
5416:4408
5419:48,9411
5428:5238
5429:3078
5431:1182
5438:3940
5449:2635
5459:3078
5461:213
5485:3406,6583
5499:3350,6356
6356:5499
5509:325
5510:1537
5517:2309
5940:5522
5523:479
5525:1954
5529:3059
3766:5537
5537:3766
5538:698
5539:3373
5548:509,9060
9060:5548
5554:3491
5557:1084
3837:5560
5560:3837
5566:3344
7252:5575
3932:5578,6767
5580:2639
5581:3078
5584:5109
5596:4563
5602:271
5605:3477
5624:2205
5637:5258
5639:2222,5958
5958:5639
7375:5641
8019:5641
5650:3406
6295:3561
7544:5660
5024:5664
5664:5024
7340:6799
8570:604
5674:1409
5686:283
5687:3656
5695:1182
5699:373
5702:1117
5703:1537
5705:1280
5708:226,5909
5887:5864
5909:5708
5714:3656
5716:723
5730:1992
2977:5731
5731:2977
6044:7423,2205
7423:6044
8487:6958
5742:4679
7651:6239
10131:9388,10133
10129:5747
10128:9892
10133:10131
5750:5401
5754:8383
8383:5754
5765:3406
5771:3566
8660:213
5777:4563,7024
7024:5777
9584:5779
5786:3750
5790:0
5794:4047
5796:21
5805:1366
5810:6304
6304:5810,7337
5812:5238
5818:3750
5820:1195
2338:5822
5822:2338
5825:48
5827:2048
5832:1280
5853:68
5855:3078
5857:1537
5868:855
5877:2209
9523:6615
5890:901
5891:3344
5901:1182
5911:2288
5937:8411
8411:5937
5943:509
5945:4874
5951:216
9867:9033
5962:2205
6912:5972
5974:5369
5979:4823
5981:3940
5982:3344
5988:1651
8877:7800
4437:5993
5999:287
6002:3561
6005:2511
7058:8631,6012,7380
8631:7058,9498
6022:4217
6025:3561
9725:6036
6046:3477
6048:3020
6196:901
6198:5983
6049:325
6055:2309
6093:6063
6074:618
9781:6081
9090:3561
8652:7565
6092:2155
6095:287
6097:7072
7072:6097
6117:1645
6130:1113
6133:325
5835:6141
6141:5835,8805
6901:1113
6154:1195,9857,10032
6157:1113
6162:1900
6164:202
6165:6664
6664:6165
4305:6170
6170:4305
5447:6179
6179:5447
6180:1467
6183:1651
9768:6188
6201:2228
6202:3750
6203:3940
6207:271
6208:3353
6209:3561,6732
6210:3561
6211:8560
8560:6211
6212:4874
6217:3100
6232:855
6190:6240
6240:6190
9381:6242
6260:1113
6267:2412
6268:1467
6278:1195
6284:6358
6358:6284
6286:2635
6289:3100
6294:298
9686:6301
6307:3100
6314:283
6323:1651
7741:6324
6326:2701
3129:6334
6334:3129
9962:6346
6348:362
6351:1992
9555:8587
6359:1537
6362:226
6365:2752
6892:6370
6373:3186
6374:1467
6376:4361
6377:618
6380:2825
6382:720
6385:2023
6393:1954
6059:6411
6411:6059
6423:2474
6434:68
3319:6439
6439:3319
6441:7178
6446:5921
6455:213,7098
6467:458
10076:6482
6484:1798
8749:6485
6502:9851,9998
9851:6502,10134
6519:3100
5894:6523
6523:5894
3560:6530
6530:3560
6532:1522
6534:3561
6537:1865
6542:6383,8999
6543:509
6546:3507
6559:213
6562:68
6569:68
6574:5879
6575:1113
6578:253
6583:5485,7079,6594
7079:6583
6594:6583
6584:1798,8621
6598:1182
1302:6602
6602:1302
8887:7736
7738:6605
6607:3344
7657:6615
6624:362
6629:1651
6633:1651
6638:373
6645:1954
7240:6648
7248:6648
6655:213
6656:2637
6659:5166
6660:1113
6663:2707
6665:827
6676:1132,9352,8835
9352:6676
9322:1132
6693:10050,5972
10050:6693
5013:6694
6694:5013,7128
6702:618
6704:533
6705:4696
6714:6685,6797
6797:6714
9714:6727
8122:1220
6747:271
6751:644
7988:4594
9930:6754
7623:7540
8996:5235
8036:6764
7119:6764
6770:1329
6771:7180
7180:6771
7409:6774
6775:1467
6783:6685
6788:618
6792:1113
6794:698
6798:7655
7655:6798
6807:6490
6812:68
7905:3940
6819:1654
6825:2980
6831:479
6832:3566
4518:6833
6833:4518
6847:2336
10059:2336
9939:2336
8085:2336
6861:68
6864:6033
6867:6868
6868:6867
3627:6880
6880:3627
6887:1084
6900:3940
6917:216
6920:5931
8848:6929
6935:196
6938:5803
9334:7849
6960:1564
6961:6829
6975:1900
6981:1486
6986:3940
7007:1493
7011:7132
7132:7011
2612:7019
7019:2612
10138:7030
7032:4143,7431
7431:7032
7034:2309
7035:3940
7042:3566
9225:7053
9498:8631
8545:1954
9646:7404
7064:6685
7067:2261
10100:7540
7085:287
7107:1987
7113:2868
7120:3474
7123:901
7124:3940
7157:855
7169:3168
7539:7177
7181:8169
8169:7181
246:7182
7182:246
7186:216
7187:2670
7189:1280
7561:6064
7199:1486
7201:1651
7217:1280
7222:7097
7224:2635
7228:1195
7231:5803
7234:283
10074:3078
7243:3292
7799:1132
7261:1651
7264:3561
7267:6685
7275:5032
7290:3561
7292:5921
7299:2635
3331:7306
7306:3331
7323:1671
8679:1671
7329:9583
9583:7329
7332:618,8185
7335:6799
7337:6304
7338:817
222:7349
7349:222
7354:6527
10171:9970
7356:6258,8469
8842:6258
7364:8882,8172
8882:7364
8172:7364
6762:7365
7365:6762
7366:3100
7376:6821
9486:1954
7380:7058
7389:5005
8713:7540
7394:1280
8029:7397
7398:708
7417:479
7419:5719
7422:216
7425:2635
5243:7433
7433:5243
7442:2205
7451:6053
7456:7746
7746:7456,9236
7458:5204
7459:325
6311:7460
7460:6311
7468:5005
5076:7469
7473:3186
7474:1859
7480:901
7482:9122
9122:7482
7493:2548
7497:1634
9395:7501
8105:7501
8993:4679
8013:7501
7519:6933
5600:7522
7522:5600
7526:315
9963:7528
7537:9057
9057:7537
7538:1651
5773:7542
7542:5773
9875:7555
7558:3940
10164:7559
9432:7559
7560:3561
7895:7565
10037:6091
7579:6091,9694
9694:9717,7579,9716
9717:9694
7567:2468
7568:287
7575:4734
7582:7514
9066:7588
7595:6258
7599:855
4768:7601
7601:4768
7603:5005
7604:1651
7626:6634
7634:8342
8342:7634
7642:283
7646:2048
7654:373
5704:7670
7670:5704
7684:5866
7700:68
7704:1859
7712:1651
7715:213
7717:6258
7718:1182
7730:7540
7739:6527
9175:3750
7742:5921
7747:6821
7752:1960
7760:365
7763:1182
7769:9685
9685:7769
7776:3566
7784:1113
7786:3078
7796:2008
7801:7540
7804:1651
7810:7097
7811:1113
7813:6916
7815:6431
7816:9761
9761:7816
7822:5921
7825:3561
6498:7826
7826:6498
9111:7827
7835:468
2476:7846
7846:2476
9767:7849
9760:5803
10088:7849
7852:1182
7854:533
7857:6527
7858:2672
3208:7861
7861:3208
7866:7540
7878:6527
7903:1084
2:7904
7904:2
8157:7909
8469:7356
7918:3561
7929:216
9794:7930
7932:7600
8549:7938
7939:2155
7940:3801
7947:6527
8612:7950
7955:3566,8565
9121:3566
8565:7955
7966:7540
7969:970
14:7973
7973:14
7974:1954
7986:2309,8781
8781:7986
7990:325
9159:7995
8002:7995
8005:9152,8524
9152:8005
8524:8005
9227:817
8008:2309
8012:644
8021:6527
8027:7999
8028:1113
8886:3656
8047:68
8048:4679
8904:8049
8051:379
8052:1013
8062:2548
8072:5398
8076:479
8099:7540
8103:1798
8104:1651
8119:493
8095:8121
8121:8095
8127:1954
9132:8132
8136:379,9070
8145:7751
8158:9076
9076:8158
8168:2980,8712
8712:8168
9218:9160
8192:8175
9063:8183
8185:7332
8198:1634
8199:6490
8205:1992
8210:216
8219:1220
8753:8228
10092:8231
10069:8231
8236:1859
8247:6527
9456:8255
9263:8255
9176:8255
8261:1954,9624,9179,9703
9624:8261
9729:10047,8527
10047:9729
3241:8275
8275:3241
8386:8277
2572:8290
8290:2572
8291:2548
8294:2980
10137:8297
8305:2203
8396:8316
8322:2548
8324:6799
8329:1859
8885:8330
8331:493
8355:1671
8361:1366
8364:2980
8387:9591
9591:8387
8390:1926
8403:6635
8405:5166
8408:3566
8414:4874
8440:6635
8552:10003
10003:8552,10006
10006:10003
8450:1300
8467:226
10140:8483
8484:8617
8617:8484
8501:5803
8512:287
8093:8514
8514:8093
8516:817
8527:9729
836:8539
8539:836
8550:6383
8558:5872
8567:5921
8579:8445
8588:1877
9359:8589
8602:4879
8607:216
8608:8445
8621:6584
8871:271
8625:287
8626:2425
8636:9877
9877:8636
8651:1954
8655:216
8657:325
8663:1651
8666:9563
9563:8666
8667:5586
8674:9481
9481:8674,9680
8678:7540
8684:8687
8687:8684
8690:479
5304:8695
8695:5304
8701:7097
8734:3115
7445:8736
8736:7445
8739:8748,8767
8748:8739
8767:8823,8739
8823:8767
8751:2980
8757:1651
8758:68
8765:2980
8778:7640
8779:7540
8788:1954
8797:7501
8805:6141
8807:2048
7818:8808
8808:7818
8821:216
9301:9984,9098
9984:9301
8831:5258
8835:6676
8841:720
8843:7999
8845:3078
9068:3078,9353
8850:822
9969:8853
8854:7540
8856:68
8862:2205,8941
8941:8862
8867:6685
8972:8869
9441:8869
8971:8869
8872:817
8876:763
8881:362
8884:325
9835:8889
8894:3723
8902:379
8905:2155
8910:5037
8911:7772
8913:1279
8922:2670
8928:48
8933:479
8937:1467
9989:9961
9917:10015,9667,9974
10015:9917
8942:9661
9661:8942
8946:7999
8958:3561,9654,9396
9654:8958
9396:8958
8975:1954
2681:9558
9558:2681
8980:1778
8985:435
9073:6242
10160:1634
9036:9037
9037:9036
9042:5005
9048:6695
9232:9720,9231
9720:9232
9064:9772
9772:9064
9353:9068
9070:8136
9083:287
9089:7849
9096:2048
9116:9120
9120:9116
9124:625,10009
9136:2980
9137:1651
9141:9194
9194:9141
9162:9033
9171:3940
9180:9235
9235:9180
9181:9182
9182:9181
9199:2155
9200:9201
9201:9200
9215:287
9223:867
9226:68
9231:9232
9233:698
9236:7746
9300:9378,2247
9378:9300,9894
9239:1467
9230:9244
9244:9230
9255:533
9258:3078
9271:4097
9273:287
9280:6383
9284:9033
9292:1143
9296:362,9648
9648:9296,9693
9786:9304
10085:9668
9306:8869
9308:9160
9309:2048
9310:7501
9312:7097
9313:202
9317:7849
9323:9243
9329:9109
9331:9243
9336:618
9338:6916
9341:9109
9358:6245
9362:1859
5178:9365
9365:5178
9374:1859
9377:7501
10056:10159,9894
10159:10056
9894:9378,10056
7503:9384
9384:7503
671:9389
9389:671
9660:3561
9399:6084
9401:3669
9411:5419
9412:1279
9414:202
9419:6685
1927:9472
9472:1927
9434:10188
10188:9434
9435:1634
9446:2155
9453:7778
9462:216
9479:509
7611:9484
9484:7611
9489:7849
9493:6635
9503:6091
9833:9506
9509:9109
9521:216
9522:1954
9528:6527
9533:4679
9534:883
9537:533
9543:1859
9545:213
9703:8261
9571:213
9610:618
9616:720
9617:8232
9622:3942
9637:5258
9638:5258
9693:9648
9655:6896
9665:3078
9678:9734
9734:9678
9679:7269
9680:9481
9699:216
10028:9715
9716:9694
9723:1859
9726:6685
9756:2336
9757:216
9763:1859
9787:9790
9790:9787
9789:3078
9791:776
9792:8256
9795:9634
9799:1859
9803:213
9804:9861
9861:9804
9815:271
9817:9818
9818:9817
9820:9160
9821:2798
9832:216
9840:2533
9842:7238
9844:287
1770:9845
9845:1770
9846:325
10134:9851
9857:6154
10032:6154
9865:6799
9869:6799
9871:7640
9884:7849
9896:9109
9898:9892
8208:9901,10020
9901:8208
10020:8208
9904:7591
9908:226
9913:9912
9910:9909
9919:9892
9922:9956
9928:7404
9929:1859
9937:8962,9975
9975:9937
9938:9109
9948:1859
10048:1859
9950:7501
10176:723
9973:2731
9974:9917
9998:6502
10004:362
10009:9124
10010:1859
10013:2205
10014:10021,10022,10019
10021:10014
10022:10014
10019:10014
10016:10017
10017:10016
10036:855
10038:3897
10040:720
10042:1859
10046:3566
10091:2205
10060:9109
10066:1859
10070:6084
10075:2205
10079:1859
10094:287
10097:2980
10115:4745
10117:2205
10118:1859
10127:7999
10141:7800
4925:10148
10148:4925
10151:10155
10155:10151
10163:1537
10168:1845
10169:5238
10172:9109
10173:2155
10175:8659
10178:4874
10181:4874
