9779	9595	1
9595	5415	1
9614	3733	1
3078	738	1
3078	929	1
3078	2037	1
3078	2380	1
3078	2094	1
3078	720	1
6225	1280	1
6765	911	1
4190	3078	1
9674	3078	1
7428	6031	1
3750	548	1
3750	719	1
3750	922	1
3750	1886	1
3750	1897	1
3750	1968	1
3750	2155	1
3750	3531	1
3750	1269	1
3750	2160	1
3750	1170	1
5586	3548	1
3043	1672	1
7095	4133	1
5113	192	1
4133	1280	1
6468	4578	1
698	447	1
6668	4690	1
7130	2403	1
1016	213	1
5250	521	1
606	564	1
1280	623	1
1280	692	1
1280	1162	1
399	22	1
5732	5599	1
3168	2388	1
1453	1133	1
8410	5763	1
6725	1401	1
4502	405	1
6501	6500	1
3940	238	1
3940	240	1
3940	736	1
3940	970	1
3940	1383	1
3940	3872	1
3330	1635	1
3825	374	1
8518	7097	1
1467	1116	1
618	234	1
2155	135	1
2155	253	1
2155	428	1
2155	435	1
2155	702	1
2155	741	1
2155	769	1
2155	857	1
2155	937	1
2155	1021	1
2155	1033	1
2155	1070	1
2155	1153	1
2155	1200	1
2155	1601	1
2155	1843	1
2155	325	1
2155	720	1
2597	231	1
2597	1192	1
2597	177	1
2597	604	1
2597	297	1
2597	1867	1
2597	1374	1
2597	1663	1
1300	936	1
3872	362	1
3872	253	1
3872	2205	1
3872	3818	1
5952	316	1
6635	318	1
6635	524	1
6635	2121	1
6635	4533	1
6635	5236	1
6635	5382	1
6635	1132	1
1539	238	1
7795	6259	1
1113	948	1
5251	794	1
7557	458	1
379	86	1
7761	4785	1
5039	640	1
5330	2158	1
533	33	1
723	610	1
3656	2076	1
9915	3391	1
5918	3411	1
4471	1576	1
425	66	1
4847	4218	1
521	177	1
2672	1453	1
1602	535	1
6091	169	1
6091	231	1
6091	407	1
6091	445	1
6091	564	1
6091	565	1
6091	608	1
6091	790	1
6091	822	1
6091	929	1
6091	996	1
6091	1009	1
6091	1023	1
6091	1197	1
6091	1537	1
6091	1777	1
6091	1898	1
6091	1921	1
6091	1983	1
6091	2059	1
6091	2066	1
6091	2198	1
6091	2402	1
6091	2738	1
6091	2877	1
6091	3100	1
6091	3202	1
6091	3325	1
6091	3405	1
6091	3437	1
6091	3849	1
6091	4018	1
6091	4132	1
6091	4142	1
6091	4168	1
6091	4390	1
6091	4631	1
6091	4743	1
6091	4826	1
6091	4845	1
6091	4981	1
6091	4989	1
6091	5125	1
6091	5135	1
6091	5359	1
6091	5490	1
6091	5628	1
6091	5683	1
6091	5823	1
6091	855	1
6091	771	1
6091	1132	1
6091	1105	1
6091	5992	1
6091	5803	1
6091	4696	1
6091	2830	1
6091	4699	1
6091	818	1
6091	848	1
6091	4558	1
9010	6091	1
7923	2000	1
4827	209	1
4827	493	1
4827	2830	1
4690	3259	1
5475	3078	1
5475	5300	1
5475	213	1
5475	1936	1
5475	262	1
5475	1954	1
5475	3518	1
5475	260	1
5475	5412	1
5475	212	1
203	202	1
902	743	1
493	389	1
8483	259	1
8483	933	1
1865	743	1
8256	1873	1
2731	2479	1
5238	4047	1
2825	2429	1
987	723	1
3029	1876	1
6147	1113	1
5183	4046	1
9634	8232	1
2568	2048	1
3201	503	1
2982	990	1
5767	48	1
2533	231	1
2533	443	1
2533	743	1
2533	883	1
2533	970	1
2533	1058	1
2533	1200	1
2533	1377	1
2533	1574	1
2533	2221	1
2533	2253	1
2533	373	1
2533	959	1
2533	827	1
2533	1170	1
1424	882	1
2887	236	1
5172	1199	1
363	233	1
458	363	1
8312	7269	1
3223	2765	1
8754	959	1
8754	1132	1
8754	2139	1
8754	3823	1
8754	5535	1
8754	202	1
8754	203	1
8754	6058	1
8754	8350	1
8754	5575	1
8754	6585	1
8754	2533	1
8944	1574	1
8944	2139	1
8944	3403	1
8944	202	1
8944	6597	1
8944	1553	1
8944	2755	1
7138	2503	1
9195	3664	1
8468	7362	1
6255	1671	1
1132	137	1
1132	719	1
1132	1009	1
1132	1011	1
1132	1112	1
1132	817	1
1132	448	1
3403	1321	1
1269	883	1
435	297	1
5109	198	1
2856	639	1
1951	864	1
6927	4874	1
1564	493	1
9501	1506	1
1506	201	1
720	163	1
3055	2032	1
9287	3750	1
1366	86	1
4148	1293	1
5971	704	1
7070	3723	1
2794	1219	1
9109	396	1
9109	760	1
9109	1272	1
9109	1565	1
9109	1983	1
9109	3041	1
9109	5593	1
9109	6823	1
9109	6982	1
9109	7669	1
9109	8691	1
3454	1269	1
3454	1539	1
6851	3504	1
6821	105	1
6821	1656	1
6821	2344	1
6821	5346	1
6821	6224	1
6821	6371	1
6821	6540	1
6821	6565	1
6821	5166	1
6821	5803	1
6821	2009	1
3360	2976	1
862	154	1
3469	3051	1
7640	196	1
7640	220	1
7640	274	1
7640	375	1
7640	389	1
7640	435	1
7640	444	1
7640	604	1
7640	618	1
7640	640	1
7640	790	1
7640	810	1
7640	817	1
7640	823	1
7640	882	1
7640	885	1
7640	936	1
7640	1021	1
7640	1069	1
7640	1212	1
7640	1293	1
7640	1300	1
7640	1416	1
7640	1533	1
7640	1539	1
7640	1665	1
7640	1725	1
7640	1959	1
7640	2070	1
7640	2309	1
7640	2379	1
7640	3062	1
7640	3078	1
7640	3348	1
7640	3513	1
7640	3890	1
7640	3940	1
7640	3947	1
7640	4268	1
7640	4375	1
7640	4377	1
7640	4439	1
7640	4442	1
7640	4614	1
7640	4686	1
7640	5148	1
7640	5183	1
7640	5236	1
7640	5281	1
7640	5309	1
7640	5363	1
7640	5511	1
7640	5823	1
7640	5913	1
7640	6258	1
7640	6485	1
7640	4939	1
7640	325	1
7640	3819	1
7640	1132	1
7640	867	1
7640	1084	1
7640	3942	1
7640	7192	1
7640	1182	1
7640	1486	1
7640	66	1
7640	3149	1
7640	6102	1
7640	787	1
7640	3590	1
7640	2887	1
7873	425	1
7873	2309	1
7873	5039	1
7873	6764	1
7873	7828	1
7873	817	1
7873	719	1
7873	5183	1
7873	3531	1
7873	810	1
3391	3299	1
4892	618	1
2247	2132	1
2158	736	1
3531	2158	1
3299	2247	1
9510	9026	1
9247	66	1
5823	5039	1
790	66	1
810	684	1
3669	2217	1
1801	202	1
3566	266	1
3566	298	1
3566	646	1
3566	903	1
3566	1011	1
3566	1043	1
3566	1186	1
3566	1236	1
3566	1384	1
3566	1601	1
3566	1776	1
3566	1781	1
3566	1916	1
3566	2138	1
3566	2223	1
3566	2262	1
3566	2374	1
3566	2410	1
3566	2597	1
3566	2963	1
3566	3012	1
3566	3017	1
3566	3047	1
3566	3072	1
3566	3450	1
3900	554	1
3900	606	1
3900	1033	1
3900	1200	1
3900	1337	1
3900	1391	1
3900	1539	1
3900	3233	1
3900	1039	1
3900	2533	1
3900	1564	1
3900	959	1
3900	867	1
3900	1182	1
3900	2856	1
3900	3750	1
3900	1160	1
3900	2597	1
3900	632	1
3477	1094	1
6682	5368	1
1877	862	1
7485	5992	1
8492	5443	1
719	231	1
941	618	1
7254	676	1
1671	995	1
625	551	1
5258	4708	1
6017	5007	1
2215	762	1
7999	163	1
7999	450	1
7999	571	1
7999	1054	1
7999	1354	1
7999	1574	1
7999	1589	1
7999	1634	1
7999	1693	1
7999	1851	1
7999	2511	1
7999	3608	1
7999	3774	1
7999	3901	1
7999	4377	1
7999	4508	1
7999	6458	1
7999	6754	1
7999	7082	1
7999	7559	1
7999	1130	1
7999	959	1
7999	202	1
7999	704	1
7999	3403	1
7999	6088	1
7999	325	1
7999	4398	1
7999	817	1
7999	7043	1
7999	3783	1
7999	2867	1
7999	4699	1
7999	6258	1
7999	984	1
7999	6827	1
7999	1058	1
7999	719	1
7999	3750	1
7999	3036	1
7999	468	1
7999	6102	1
7999	4834	1
8551	5586	1
5992	5493	1
8362	1600	1
8378	6495	1
6495	1600	1
1199	982	1
5678	340	1
901	871	1
4298	191	1
2707	1073	1
6421	1185	1
6421	6187	1
6421	1610	1
6421	1601	1
7540	278	1
7540	786	1
7540	1780	1
7540	1956	1
7540	1991	1
7540	3886	1
7540	4333	1
7540	6392	1
7540	6399	1
7540	6576	1
7540	6823	1
7540	6873	1
7540	7390	1
7540	3038	1
7540	6102	1
7540	2274	1
709	322	1
817	506	1
604	77	1
6690	1484	1
6045	2707	1
8737	7492	1
7541	503	1
7541	604	1
7541	751	1
7541	902	1
7541	1484	1
7541	1574	1
7541	3886	1
7541	1160	1
7541	1161	1
7541	980	1
7541	4238	1
7541	209	1
7541	3750	1
7541	2774	1
7541	4372	1
6108	5368	1
5368	2707	1
6992	6224	1
7096	1009	1
9259	8686	1
7555	6421	1
4337	522	1
6245	231	1
6245	751	1
6245	857	1
6245	1200	1
6245	4328	1
6245	6090	1
6245	6187	1
6245	1205	1
9802	6933	1
2914	405	1
3414	1691	1
3186	3160	1
2619	2593	1
3196	2548	1
5201	1671	1
4686	311	1
4686	557	1
4686	768	1
4686	2503	1
4686	3717	1
4686	3870	1
4686	3615	1
4686	401	1
4686	325	1
4686	1539	1
4686	857	1
4686	493	1
4686	777	1
4686	720	1
4686	1364	1
4686	2533	1
6258	208	1
6258	209	1
6258	435	1
6258	517	1
6258	928	1
6258	990	1
6258	1174	1
6258	1508	1
6258	2049	1
6258	2221	1
6258	2533	1
6258	3106	1
6258	4143	1
6258	4398	1
6258	4777	1
6258	4834	1
6258	6033	1
6258	493	1
6258	883	1
6258	4706	1
6258	1956	1
6258	506	1
6258	720	1
6258	3918	1
6258	4699	1
6258	4858	1
6258	2867	1
2949	104	1
5130	2175	1
8297	959	1
8297	3942	1
8297	4870	1
8297	6245	1
8297	7540	1
8297	7554	1
8297	3163	1
8297	7463	1
8297	3656	1
8297	1009	1
8297	3547	1
8297	924	1
8297	4675	1
9480	1381	1
8415	1119	1
8415	2028	1
8415	1182	1
468	280	1
2867	1011	1
3254	2568	1
4706	4331	1
4699	240	1
4699	374	1
4699	430	1
4699	488	1
4699	732	1
4699	817	1
4699	902	1
4699	1182	1
4699	1190	1
4699	1539	1
4699	2049	1
4699	2070	1
4699	2101	1
4699	2726	1
4699	3233	1
4699	3403	1
4699	3542	1
4699	3586	1
4699	3783	1
4699	4377	1
4699	4613	1
4699	226	1
4699	3454	1
4699	958	1
4699	768	1
4699	2856	1
4699	1179	1
4699	528	1
4699	3078	1
4699	1074	1
4699	970	1
4699	4474	1
4699	2094	1
4699	990	1
4699	254	1
861	48	1
405	261	1
2243	1702	1
207	202	1
9641	5351	1
6490	5182	1
9269	960	1
3664	907	1
1189	405	1
864	480	1
1182	573	1
1182	650	1
1182	713	1
1182	751	1
1182	992	1
1182	827	1
1182	253	1
7126	2942	1
7043	231	1
7043	1574	1
7043	2155	1
7043	2726	1
7043	2803	1
7043	2942	1
7043	325	1
7043	389	1
7043	177	1
7043	1977	1
3344	0	1
2546	1702	1
3641	2662	1
2217	1671	1
2089	995	1
536	523	1
3839	3568	1
5159	1671	1
8857	3355	1
3117	141	1
7226	6319	1
5921	1877	1
6319	4998	1
696	141	1
6345	5991	1
2783	535	1
5007	4538	1
5311	1811	1
7097	2970	1
9920	7761	1
1070	817	1
1574	202	1
9426	5457	1
2101	1956	1
2208	1084	1
1995	1564	1
571	496	1
3705	3087	1
4124	2892	1
1707	84	1
2670	2540	1
8618	536	1
9592	379	1
4530	2571	1
4874	35	1
4874	157	1
4874	205	1
4874	328	1
4874	334	1
4874	413	1
4874	510	1
4874	570	1
4874	649	1
4874	752	1
4874	794	1
4874	822	1
4874	857	1
4874	858	1
4874	903	1
4874	945	1
4874	1153	1
4874	1343	1
4874	1523	1
4874	1609	1
4874	1845	1
4874	1879	1
4874	1908	1
4874	2205	1
4874	2321	1
4874	2759	1
4874	3500	1
4874	3614	1
4874	3916	1
4874	4046	1
4874	4468	1
4874	4618	1
4874	4624	1
4874	4716	1
4874	4807	1
4874	1654	1
4874	1105	1
4874	855	1
4874	3561	1
4874	1285	1
4874	4088	1
4874	4824	1
7386	4352	1
7386	1484	1
7772	10	1
7772	300	1
7772	312	1
7772	448	1
7772	499	1
7772	576	1
7772	694	1
7772	732	1
7772	892	1
7772	1273	1
7772	2008	1
7772	2153	1
7772	2199	1
7772	2224	1
7772	2261	1
7772	2424	1
7772	2514	1
7772	2533	1
7772	2899	1
7772	3085	1
7772	3381	1
7772	4156	1
7772	4372	1
7772	4386	1
7772	4460	1
7772	4489	1
7772	4510	1
7772	4695	1
7772	4993	1
7772	5121	1
7772	5306	1
7772	6309	1
7772	6992	1
7772	7052	1
7772	7179	1
7772	7289	1
7772	7386	1
7772	1574	1
7772	4238	1
7772	7541	1
7772	214	1
7772	6754	1
7772	2196	1
7772	3592	1
7772	827	1
7772	7555	1
7772	1664	1
7772	209	1
7772	203	1
7772	5457	1
7772	973	1
7772	443	1
7772	3166	1
7772	5445	1
3592	704	1
5066	363	1
9490	86	1
9217	3015	1
4526	1541	1
1759	984	1
1129	958	1
743	203	1
1983	203	1
4676	2533	1
4887	4690	1
8277	6716	1
2915	1683	1
325	177	1
2048	1551	1
2094	704	1
1088	203	1
1376	606	1
1114	191	1
6531	2992	1
3787	2953	1
2752	2703	1
1867	719	1
1867	1300	1
1867	509	1
1867	743	1
2198	1273	1
2198	1288	1
2198	1657	1
2198	2124	1
2198	725	1
2198	1300	1
4442	753	1
1799	201	1
6485	719	1
6485	1129	1
6485	4063	1
6485	903	1
6485	604	1
6485	867	1
6485	1132	1
6485	3942	1
6485	4049	1
6485	5379	1
6485	5803	1
6485	5823	1
768	709	1
2481	243	1
5546	3087	1
4017	994	1
3949	514	1
4605	3949	1
1585	208	1
1222	447	1
2309	66	1
2309	467	1
2309	723	1
2309	837	1
2309	930	1
2309	1150	1
2309	875	1
2467	2404	1
312	212	1
2892	2683	1
823	308	1
1938	1069	1
7136	4442	1
8859	4420	1
8859	8645	1
8859	817	1
855	422	1
1318	625	1
6527	5675	1
3615	1300	1
7249	287	1
1657	1013	1
1929	845	1
9320	3872	1
2004	827	1
9154	4686	1
1185	226	1
2590	970	1
3108	3078	1
9166	8568	1
9892	511	1
9892	1939	1
9892	2785	1
9892	3872	1
9892	5944	1
9892	6635	1
9892	7238	1
9892	9388	1
9892	9431	1
9892	9525	1
9892	9635	1
9892	8214	1
9892	2597	1
9892	4808	1
9892	8568	1
9892	9870	1
9892	2138	1
9892	7926	1
9892	6218	1
9892	9718	1
9892	5052	1
9892	8254	1
9892	9577	1
1541	379	1
5738	1867	1
4939	1867	1
6800	2785	1
9718	4808	1
9718	7404	1
9718	8306	1
9718	8528	1
9718	9193	1
9718	9635	1
9718	6685	1
9718	2785	1
9718	5727	1
9718	9539	1
9718	6800	1
9718	7282	1
9718	9577	1
9573	8546	1
6745	2215	1
2139	597	1
5234	1972	1
3317	2666	1
3064	1602	1
2388	1602	1
5488	4604	1
373	313	1
2190	697	1
2079	175	1
365	202	1
3572	405	1
3697	3087	1
2581	2367	1
2070	435	1
2070	936	1
2070	1018	1
2070	253	1
2070	1173	1
2070	684	1
2511	618	1
2511	818	1
2511	813	1
2511	644	1
2511	580	1
2010	618	1
5570	3168	1
9433	9318	1
6098	4039	1
5540	4400	1
401	12	1
2766	1199	1
959	202	1
8203	5407	1
8203	325	1
8203	3615	1
8203	6699	1
8203	3942	1
4398	468	1
496	177	1
857	752	1
3100	181	1
3100	1881	1
3100	1104	1
6754	2444	1
4063	2155	1
5317	1016	1
7559	231	1
7559	1153	1
7559	1657	1
7559	1865	1
7559	2121	1
7559	2867	1
7559	5496	1
7559	202	1
7559	789	1
7559	325	1
7559	2033	1
7559	7038	1
7559	2533	1
7559	4753	1
7559	221	1
7559	1329	1
7559	1011	1
7559	1483	1
7559	990	1
7559	1995	1
1170	1153	1
958	711	1
883	209	1
1153	240	1
6127	777	1
970	678	1
528	176	1
4238	1058	1
1496	959	1
4736	298	1
5322	4690	1
6075	379	1
2980	1351	1
1279	1250	1
751	223	1
4156	4141	1
777	493	1
1553	296	1
1058	973	1
1084	757	1
609	212	1
4030	271	1
1669	609	1
5412	256	1
5412	889	1
5412	1879	1
5412	493	1
5412	400	1
5412	462	1
5412	609	1
5412	1669	1
5412	1000	1
6804	5166	1
5598	283	1
8654	3520	1
1077	1068	1
2027	308	1
725	448	1
448	308	1
4006	398	1
4404	2808	1
431	240	1
434	259	1
7915	6550	1
2802	1285	1
7890	375	1
5339	4020	1
5292	1356	1
4020	1084	1
1068	449	1
8766	8489	1
6290	2940	1
5395	1907	1
1351	86	1
6070	757	1
757	719	1
632	355	1
9393	76	1
4047	704	1
8454	606	1
4185	202	1
4185	373	1
4185	1280	1
4185	618	1
4185	1084	1
462	400	1
5232	5172	1
474	83	1
6312	6084	1
488	266	1
3783	980	1
3783	1553	1
3783	2032	1
3783	3518	1
3783	2070	1
3783	2006	1
3783	557	1
867	762	1
936	867	1
6720	6121	1
8510	5470	1
8195	2217	1
4078	2040	1
503	332	1
2460	2278	1
506	223	1
4861	3266	1
509	104	1
7615	1609	1
1463	857	1
5641	1463	1
1140	827	1
2829	2680	1
8541	6994	1
3961	2289	1
1977	1008	1
1421	332	1
6429	1467	1
1743	1058	1
4345	1930	1
3801	210	1
3801	517	1
3801	551	1
3801	988	1
3801	1007	1
3801	1462	1
3801	1797	1
3801	2124	1
3801	2160	1
3801	2500	1
3801	2954	1
3801	3691	1
3801	533	1
3801	3761	1
532	240	1
2610	2386	1
9304	5923	1
980	203	1
763	453	1
594	373	1
6452	4890	1
6585	1273	1
6585	3201	1
6585	3750	1
6585	1585	1
6585	120	1
6585	5493	1
6585	2533	1
6585	538	1
704	448	1
9572	232	1
1901	368	1
3919	2033	1
4643	713	1
4643	768	1
4643	949	1
4643	1013	1
4643	1273	1
4643	2186	1
4643	3443	1
4643	3518	1
4643	4133	1
4643	3940	1
4643	2094	1
4643	720	1
4643	3454	1
4643	3427	1
4643	357	1
4643	2101	1
7091	5975	1
4858	889	1
5694	3872	1
2785	5	1
8270	6079	1
548	509	1
8535	5471	1
7392	380	1
557	493	1
4464	2970	1
6186	5172	1
564	325	1
1544	1210	1
3486	2243	1
6731	3264	1
2253	304	1
4181	3570	1
3548	434	1
3840	704	1
1168	541	1
8429	3256	1
8353	7161	1
3355	2089	1
7411	6251	1
6853	2616	1
3741	3051	1
3051	2970	1
8165	7829	1
1115	901	1
624	521	1
2635	418	1
630	256	1
6649	5586	1
4917	2946	1
1859	1664	1
5005	2749	1
2808	2388	1
5803	59	1
5803	70	1
5803	127	1
5803	346	1
5803	481	1
5803	925	1
5803	1000	1
5803	1430	1
5803	1491	1
5803	1631	1
5803	1654	1
5803	2023	1
5803	2078	1
5803	2125	1
5803	2157	1
5803	2893	1
5803	3100	1
5803	3265	1
5803	3506	1
5803	3969	1
5803	4225	1
5803	4324	1
5803	4874	1
5803	4922	1
5803	4939	1
5803	5125	1
5803	5166	1
5803	5381	1
5803	5412	1
5803	5658	1
5803	5679	1
5803	68	1
5803	5755	1
5803	1900	1
5803	3566	1
5803	4326	1
5803	3017	1
5803	608	1
8906	2707	1
697	443	1
702	521	1
6173	4404	1
3513	1798	1
4375	3391	1
818	443	1
1107	434	1
3009	16	1
2081	97	1
736	571	1
8181	4690	1
4282	4135	1
3166	1039	1
1419	786	1
2522	1791	1
8273	1199	1
7874	3902	1
754	697	1
8233	1366	1
6879	5515	1
6952	2433	1
8789	86	1
5062	2988	1
1719	862	1
3791	625	1
1022	867	1
1897	1674	1
3302	3103	1
813	201	1
1228	448	1
6799	107	1
6799	435	1
6799	608	1
6799	822	1
6799	1053	1
6799	1105	1
6799	1534	1
6799	1863	1
6799	1922	1
6799	2346	1
6799	2407	1
6799	2517	1
6799	2521	1
6799	2888	1
6799	2966	1
6799	2993	1
6799	3000	1
6799	3549	1
6799	3561	1
6799	3590	1
6799	3844	1
6799	4488	1
6799	4874	1
6799	4922	1
6799	4953	1
6799	5125	1
6799	5166	1
6799	5202	1
6799	5356	1
6799	5439	1
6799	5536	1
6799	5770	1
6799	5789	1
6799	6091	1
6799	6172	1
6799	6231	1
6799	6553	1
6799	6589	1
6799	6608	1
6799	6723	1
6799	6767	1
6799	362	1
6799	3329	1
6799	509	1
6799	5923	1
6799	6177	1
6799	6184	1
6799	4268	1
6799	627	1
1651	459	1
4766	656	1
827	120	1
832	813	1
7893	6229	1
7588	7587	1
5375	449	1
3547	773	1
6612	5052	1
2768	2070	1
6088	231	1
6088	3872	1
6088	958	1
8307	237	1
903	202	1
6826	3783	1
1634	324	1
1634	365	1
1634	557	1
1634	574	1
1634	711	1
1634	768	1
1634	813	1
1634	877	1
1634	1273	1
1634	1394	1
1634	817	1
1634	1467	1
1260	813	1
1200	111	1
5801	2155	1
3579	2382	1
5064	604	1
5064	1103	1
5064	2066	1
5064	4743	1
5064	2712	1
5064	4009	1
8791	3940	1
2336	2307	1
1954	120	1
1161	266	1
4613	506	1
9626	4503	1
7976	4996	1
8624	271	1
7750	271	1
5722	5540	1
4960	4579	1
6078	1941	1
918	202	1
919	698	1
7800	7698	1
8298	6593	1
9108	5629	1
5629	3469	1
3687	3477	1
4721	3952	1
9946	9691	1
5809	4721	1
1936	468	1
3132	496	1
2461	696	1
6916	5520	1
4126	4038	1
8437	7555	1
9210	1566	1
5601	3949	1
5235	202	1
3561	1522	1
984	223	1
7502	3263	1
3902	2992	1
5314	2415	1
995	399	1
1008	355	1
1009	228	1
5896	1114	1
7514	6743	1
5760	3566	1
6671	6296	1
5847	2108	1
3433	1872	1
6922	5157	1
3886	3054	1
1931	1119	1
8163	8050	1
1390	201	1
1391	827	1
5975	4583	1
2006	970	1
1130	698	1
1386	212	1
9028	3279	1
7432	6381	1
6350	3754	1
7179	867	1
1103	730	1
5892	4464	1
7100	5921	1
2330	2205	1
1112	555	1
4218	3752	1
3942	777	1
6188	202	1
1601	428	1
1119	928	1
3738	3723	1
3642	1719	1
2660	2305	1
5133	68	1
9589	8358	1
9161	7648	1
4996	2696	1
2534	2129	1
8989	7586	1
2478	1602	1
1160	1018	1
2203	874	1
1904	295	1
7009	120	1
7009	240	1
7009	374	1
7009	854	1
7009	990	1
7009	1058	1
7009	2094	1
7009	2223	1
7009	2533	1
7009	2597	1
7009	2856	1
7009	6187	1
7009	6215	1
7009	6245	1
7009	5493	1
7009	4686	1
7009	1132	1
7009	3403	1
7009	6754	1
7009	751	1
7009	177	1
7009	4343	1
7009	1070	1
7009	6258	1
7009	678	1
7009	720	1
7009	3918	1
7009	4376	1
7009	2032	1
7009	1585	1
7009	693	1
7009	730	1
7009	3940	1
7009	2206	1
7009	5275	1
7009	1942	1
7009	6102	1
7009	6390	1
7009	571	1
2691	448	1
3443	3201	1
8250	7009	1
2033	704	1
1273	936	1
4624	287	1
1186	179	1
1188	794	1
7543	462	1
5150	2027	1
10086	308	1
1486	568	1
2145	1486	1
7274	6923	1
6619	2534	1
2803	1205	1
2220	524	1
5357	2643	1
8453	1867	1
3072	1186	1
1398	1280	1
5381	68	1
1205	823	1
3084	1189	1
6227	5146	1
5482	2431	1
5146	3465	1
5653	3223	1
3635	540	1
9473	698	1
9933	6429	1
1226	1124	1
4306	618	1
8358	4411	1
4411	1080	1
6433	4411	1
8241	5358	1
6642	5892	1
4135	3637	1
4225	754	1
1537	611	1
3968	1877	1
7578	791	1
1281	1195	1
3514	1960	1
8488	379	1
1868	618	1
6134	3080	1
5415	3968	1
6449	6134	1
2394	1732	1
8811	1480	1
10154	3940	1
5166	231	1
5166	608	1
5166	753	1
5166	1239	1
5166	1527	1
5166	1540	1
5166	1654	1
5166	1789	1
5166	2160	1
5166	2377	1
5166	2599	1
5166	2602	1
5166	2868	1
5166	3035	1
5166	3282	1
5166	3624	1
5166	3782	1
5166	4002	1
5166	4179	1
5166	4343	1
5166	4390	1
5166	4696	1
5166	5125	1
5166	533	1
5166	4430	1
5166	867	1
5166	3561	1
5166	1105	1
5166	1900	1
5166	4326	1
1335	249	1
8130	458	1
1337	365	1
1344	427	1
1345	111	1
1749	625	1
7104	3761	1
1356	1202	1
1359	768	1
2289	1609	1
1798	425	1
4554	1453	1
6947	6437	1
8010	4554	1
5308	867	1
8132	867	1
6008	3801	1
3106	1533	1
4948	3636	1
5740	1462	1
1462	542	1
9550	3801	1
3556	2043	1
7572	3801	1
8316	1210	1
1533	210	1
4902	3801	1
7083	5415	1
5682	4965	1
5912	4687	1
4687	723	1
8400	7258	1
3229	2949	1
1894	702	1
6171	1894	1
2795	2567	1
7731	2635	1
8603	3004	1
8146	5644	1
4489	443	1
3462	1956	1
3925	468	1
1484	231	1
1494	238	1
1498	1006	1
4173	3548	1
2761	2592	1
7587	5256	1
2138	511	1
6383	652	1
6383	1647	1
6383	2141	1
6383	2232	1
6383	2438	1
6383	2550	1
6383	3062	1
6383	3266	1
6383	3405	1
6383	4062	1
6383	4175	1
6383	5060	1
6383	5177	1
6383	5278	1
6383	5417	1
4348	1651	1
1900	1278	1
9220	1737	1
1596	911	1
7205	7078	1
1617	701	1
5297	1300	1
9033	358	1
9033	365	1
9033	435	1
9033	912	1
9033	2355	1
9033	2453	1
9033	2730	1
9033	2734	1
9033	2746	1
9033	2858	1
9033	3472	1
9033	3749	1
9033	3750	1
9033	3800	1
9033	3828	1
9033	3854	1
9033	4094	1
9033	4268	1
9033	5147	1
9033	5399	1
9033	5493	1
9033	5972	1
9033	6640	1
9033	7009	1
9033	7162	1
9033	7178	1
9033	7469	1
9033	7541	1
9033	7900	1
9033	8053	1
9033	8167	1
9033	8214	1
9033	8288	1
9033	8297	1
9033	8540	1
9033	8874	1
9033	8878	1
9033	9013	1
8878	5399	1
9606	8878	1
3854	2746	1
6813	6067	1
5399	3854	1
1645	823	1
1659	936	1
8735	7097	1
7030	751	1
9160	5266	1
7672	5152	1
4865	3036	1
6597	226	1
3036	1574	1
4377	503	1
5759	5653	1
1687	1103	1
1688	579	1
2093	1743	1
1692	618	1
1699	618	1
1700	716	1
4873	2887	1
2817	202	1
3518	1132	1
3518	2155	1
3518	571	1
8830	3033	1
7531	606	1
8339	6494	1
2830	2213	1
8058	3128	1
2223	1564	1
5900	4558	1
4558	823	1
3657	1228	1
8374	7000	1
9838	9515	1
9075	3477	1
8917	1157	1
6699	1175	1
4614	2214	1
1732	1383	1
4949	2131	1
1751	597	1
8577	5258	1
6339	2858	1
1754	272	1
1822	556	1
6026	1651	1
1772	857	1
1777	1462	1
1781	496	1
1782	192	1
5490	736	1
5490	743	1
5490	827	1
5490	883	1
5490	958	1
5490	1865	1
5490	1973	1
5490	2554	1
5490	5166	1
5490	3823	1
5490	470	1
5490	496	1
5490	2634	1
5490	253	1
5490	4874	1
5490	435	1
5490	1269	1
5490	240	1
5333	5213	1
9129	2662	1
4381	3641	1
1797	1210	1
6653	2533	1
1820	1743	1
2379	435	1
1864	1018	1
5611	1844	1
2205	31	1
2205	161	1
2205	368	1
2205	451	1
2205	522	1
2205	528	1
2205	785	1
2205	1200	1
2205	1685	1
2205	1805	1
2205	1902	1
2205	2085	1
2205	2101	1
2205	2172	1
2205	195	1
2205	1664	1
5125	157	1
2420	817	1
9156	3506	1
9156	4874	1
9156	5803	1
9156	7849	1
9156	216	1
9156	855	1
9156	6799	1
9156	8369	1
9156	7860	1
9156	7404	1
9156	1462	1
9943	5052	1
1881	1104	1
1883	855	1
1890	1012	1
1895	728	1
1902	488	1
5496	704	1
3636	936	1
2938	726	1
4217	448	1
1906	1719	1
1907	112	1
4918	3223	1
5668	5653	1
1908	795	1
1916	1384	1
9327	3561	1
6931	5234	1
8265	5779	1
3823	1865	1
3823	718	1
3823	2205	1
3329	435	1
2622	1940	1
6104	593	1
9464	6635	1
9059	7795	1
9062	3876	1
6259	4280	1
8855	8643	1
6132	4646	1
1939	271	1
8761	1671	1
1955	936	1
1956	1153	1
7401	2317	1
1973	1473	1
2503	509	1
5691	530	1
1982	911	1
7137	3800	1
1993	1867	1
3399	709	1
2007	583	1
7705	458	1
2025	781	1
2032	2006	1
2834	2619	1
2039	280	1
2040	480	1
8771	1939	1
8771	2568	1
8771	2817	1
8771	3823	1
8771	3872	1
8771	4676	1
8771	5457	1
8771	8173	1
8771	202	1
8771	3959	1
8771	3163	1
8771	6245	1
8771	1112	1
8771	1954	1
8771	3566	1
4376	1269	1
4308	2165	1
4430	533	1
4326	3100	1
2868	1239	1
8369	4989	1
4300	795	1
6305	1611	1
5165	1313	1
5078	3100	1
7757	5078	1
3772	1585	1
4310	4018	1
9483	4874	1
5965	1186	1
3348	212	1
8744	5789	1
2061	1537	1
4563	2217	1
3838	458	1
7122	4320	1
5294	1798	1
7513	387	1
3909	1798	1
2071	373	1
2124	238	1
4022	1280	1
6535	1280	1
2738	698	1
2998	241	1
2087	209	1
4343	401	1
2160	157	1
4395	3640	1
8658	7319	1
3437	618	1
7444	3794	1
7727	1635	1
6942	6016	1
5642	1059	1
3761	3636	1
2119	1907	1
2126	362	1
6930	5867	1
2133	2081	1
5923	3136	1
2489	527	1
9597	7761	1
9596	4949	1
5356	723	1
6062	493	1
2149	762	1
2153	1455	1
2154	704	1
2156	509	1
2162	1851	1
5551	4706	1
2171	509	1
9204	8409	1
2184	1975	1
2992	2865	1
2186	212	1
2196	787	1
9979	8935	1
8935	8737	1
9318	8935	1
8820	4181	1
8705	2522	1
4035	177	1
4268	231	1
3918	2175	1
3452	723	1
2212	48	1
3263	2855	1
9615	8311	1
4696	4326	1
9098	66	1
9098	3658	1
9098	6050	1
9098	6507	1
9098	7051	1
9098	7554	1
9098	9026	1
9098	496	1
9098	7873	1
9408	2665	1
7134	2021	1
3087	232	1
3026	2561	1
8792	48	1
5493	959	1
5493	970	1
5493	984	1
5493	1645	1
5493	2227	1
5493	2983	1
5493	3783	1
5493	2856	1
5493	231	1
5493	1070	1
3233	817	1
7289	7052	1
2255	1542	1
2265	844	1
2275	186	1
9517	6821	1
2290	817	1
4679	1182	1
2294	1982	1
7831	4282	1
2320	901	1
2321	1743	1
7963	20	1
2335	1453	1
9340	5941	1
7245	6478	1
7165	6736	1
6533	1095	1
2363	1634	1
2365	2275	1
2366	1186	1
8801	6153	1
5404	1153	1
2843	618	1
2400	2139	1
2418	2350	1
3210	3201	1
4100	3201	1
3589	1790	1
2419	1219	1
8707	4579	1
5972	3854	1
2438	2227	1
2903	2328	1
2453	912	1
8907	5723	1
2468	732	1
8475	1956	1
4288	1205	1
2474	1053	1
6473	1537	1
8947	720	1
6753	6199	1
9912	226	1
2485	1417	1
3006	867	1
2934	493	1
5736	551	1
2520	2240	1
2538	244	1
9518	2424	1
5206	2621	1
9491	213	1
9540	379	1
8745	5281	1
9270	7463	1
6695	1200	1
4848	2886	1
7463	1132	1
9053	8297	1
8583	3656	1
5276	3532	1
4824	4185	1
3038	493	1
4198	1070	1
6084	562	1
6102	311	1
6102	902	1
6102	1168	1
6102	1743	1
6102	1777	1
6102	2199	1
6102	2568	1
6102	2856	1
6102	3381	1
6102	3886	1
6102	3900	1
6102	6088	1
6102	5183	1
6102	6091	1
6102	3055	1
6102	969	1
5457	3058	1
5161	3845	1
5676	5161	1
6063	5722	1
5936	4400	1
5936	102	1
5645	4553	1
3845	2512	1
2553	1621	1
2554	2363	1
7593	1671	1
7949	7930	1
7758	2274	1
8460	5688	1
5348	373	1
2566	2481	1
2571	458	1
8049	7043	1
9102	8890	1
4118	3186	1
8281	1043	1
8281	5992	1
8281	784	1
2595	2566	1
2601	787	1
2602	1467	1
6974	5939	1
8308	1033	1
2609	1634	1
2611	1602	1
2614	458	1
2618	2218	1
5562	2220	1
3411	1293	1
2755	2048	1
2872	2600	1
6122	5889	1
7753	2522	1
2655	2533	1
4517	462	1
7645	2922	1
8350	5575	1
8938	6104	1
4778	4377	1
5854	5638	1
5638	931	1
5073	5042	1
3077	126	1
4014	1585	1
2687	2129	1
2697	1931	1
4267	1453	1
5396	5281	1
5987	1877	1
6736	6729	1
2726	253	1
2726	1634	1
2726	297	1
5592	226	1
6827	604	1
8037	901	1
4667	901	1
3296	901	1
7053	4217	1
9542	527	1
6195	1046	1
7676	2412	1
2996	1936	1
3684	1280	1
8420	697	1
7416	7385	1
7062	2737	1
5256	982	1
9265	7097	1
3819	2726	1
2823	2040	1
2824	2699	1
9951	68	1
6204	5183	1
9131	3571	1
2836	493	1
2845	2822	1
2857	362	1
2865	2581	1
5889	1402	1
6623	2404	1
8814	3546	1
4362	1280	1
2876	2611	1
8222	2803	1
7901	5292	1
8162	898	1
8352	6258	1
6855	3143	1
9000	3983	1
7751	6916	1
3883	311	1
2918	719	1
9407	2680	1
7695	1954	1
3983	1954	1
3361	915	1
2942	768	1
9719	3411	1
9576	5931	1
6413	4246	1
4046	1540	1
6457	4874	1
5157	1153	1
5157	137	1
8035	3656	1
8800	2236	1
5346	3123	1
2975	114	1
10058	1901	1
8675	34	1
2985	2148	1
3235	2136	1
7528	3108	1
5363	4686	1
3000	1080	1
7591	1409	1
4587	3817	1
7602	2265	1
3037	2731	1
3048	942	1
4694	4652	1
6175	2309	1
7210	768	1
3058	120	1
3059	2567	1
7319	4142	1
3068	3056	1
3071	2879	1
5215	883	1
3075	1095	1
5839	205	1
8402	2817	1
9222	5950	1
7494	4659	1
6648	6630	1
4834	719	1
7508	3459	1
6004	2090	1
3127	1634	1
6066	618	1
4765	3575	1
3149	1969	1
3163	1132	1
7346	2979	1
5535	4185	1
8970	4418	1
8248	6497	1
4134	1651	1
4826	1105	1
4675	646	1
9579	3017	1
8790	5688	1
8790	3566	1
8790	3017	1
6437	77	1
7012	6421	1
6685	1706	1
6685	1814	1
6685	1950	1
6685	1998	1
6685	2138	1
6685	2266	1
6685	2314	1
6685	2785	1
6685	3553	1
6685	3683	1
6685	3964	1
6685	4080	1
6685	4507	1
6685	4673	1
6685	4937	1
6685	4990	1
6685	5160	1
6685	5293	1
6685	5713	1
6685	5727	1
6685	5784	1
6685	5867	1
6685	5944	1
6685	6155	1
6685	6243	1
6685	6431	1
6685	6437	1
6685	6390	1
3217	2955	1
4196	3186	1
4331	1907	1
3225	2836	1
3248	1602	1
6143	1133	1
8992	8869	1
3265	3017	1
7668	1444	1
4604	4595	1
3305	1543	1
8816	509	1
3327	2726	1
6982	1279	1
4021	3348	1
4297	2789	1
4007	867	1
7202	1865	1
8479	929	1
8479	2533	1
8900	2223	1
6058	3353	1
5879	2785	1
3364	2643	1
4417	644	1
3371	1112	1
3372	2240	1
3380	2982	1
3381	506	1
4922	773	1
3406	2348	1
3737	3071	1
3419	883	1
3427	1539	1
9958	9515	1
9766	3477	1
9515	8673	1
4304	1617	1
3442	720	1
3448	1993	1
4870	493	1
6874	496	1
3877	3700	1
7875	6507	1
9774	3227	1
3991	2520	1
3481	2077	1
3495	636	1
3502	823	1
8022	231	1
7779	6815	1
5944	1132	1
7404	6799	1
3508	77	1
5876	458	1
3519	557	1
8504	7573	1
7573	6430	1
3527	2941	1
3534	2879	1
3537	2200	1
5720	3439	1
9843	6020	1
7906	5444	1
3794	3147	1
7942	5861	1
3569	1962	1
9816	1954	1
7413	6759	1
6985	2158	1
6985	5992	1
6774	1801	1
7250	6635	1
8266	3011	1
5202	3549	1
5071	4870	1
7554	6799	1
3582	684	1
3586	190	1
3590	3348	1
8254	8020	1
4485	625	1
5864	226	1
6185	1884	1
3600	458	1
4111	1922	1
7968	7967	1
7881	1618	1
7501	3974	1
3638	901	1
7545	903	1
3649	3511	1
3651	3147	1
9015	7097	1
3659	3571	1
5563	1574	1
9439	4865	1
5747	202	1
6811	6582	1
3678	2664	1
7569	5859	1
6043	5863	1
7823	3527	1
4205	3527	1
9535	3723	1
8759	6799	1
3695	823	1
7127	226	1
3718	243	1
4280	4046	1
4961	723	1
4670	2350	1
5946	625	1
7350	625	1
3747	3518	1
10146	9956	1
5380	1486	1
3775	543	1
7868	4740	1
7839	7720	1
7840	7720	1
7967	7842	1
7842	7720	1
3813	802	1
5995	1877	1
7218	2351	1
3818	1799	1
3834	2119	1
8836	8590	1
3848	3443	1
3856	2332	1
6658	792	1
7586	7171	1
3876	2455	1
7552	4458	1
3890	1954	1
3893	2379	1
3894	1065	1
3921	1922	1
3924	451	1
3929	3902	1
3934	1486	1
3944	3369	1
3964	1105	1
9780	7900	1
4580	4579	1
3977	3942	1
8271	3727	1
5741	2747	1
3997	1782	1
4314	16	1
4000	298	1
4001	3305	1
6895	1467	1
6936	4185	1
8732	8533	1
4869	3341	1
4659	644	1
5342	4017	1
4872	901	1
4049	941	1
4058	373	1
6313	493	1
6461	4268	1
4081	2557	1
4094	3800	1
10073	1939	1
7238	2533	1
5246	4364	1
4771	3512	1
10170	8242	1
6465	5133	1
4114	1126	1
4115	912	1
4119	2048	1
5679	606	1
5281	5148	1
4672	3964	1
4131	3186	1
10099	6319	1
4142	157	1
4144	4123	1
4162	698	1
4168	1859	1
6264	1113	1
8366	8144	1
9056	6485	1
9967	8357	1
6443	1671	1
4194	1733	1
4202	3469	1
4209	259	1
4210	3801	1
4236	1196	1
4242	3309	1
9932	8347	1
4254	373	1
4272	2707	1
6479	2506	1
4296	3477	1
10012	3884	1
8984	3590	1
7759	3561	1
7606	6756	1
4319	2926	1
4320	1280	1
9564	9103	1
9103	8341	1
4340	2289	1
4342	2203	1
4372	3201	1
4374	768	1
4378	3108	1
4400	2512	1
4407	2051	1
4420	4304	1
8499	2205	1
10053	365	1
9125	7772	1
6829	2217	1
4455	2105	1
10002	9160	1
4460	913	1
6573	2236	1
4479	1643	1
4608	2511	1
8686	3942	1
4506	618	1
5003	4874	1
5697	5003	1
6256	4884	1
5383	2670	1
4525	4375	1
4533	3656	1
4539	1280	1
8614	3546	1
6615	3367	1
4631	112	1
4552	4365	1
4557	2910	1
9630	493	1
4568	253	1
6994	6134	1
8120	1877	1
7900	4094	1
4584	1159	1
4594	3415	1
4599	3186	1
4607	1987	1
7952	2980	1
8179	6737	1
9032	3894	1
6105	1634	1
6248	4259	1
8458	2237	1
6539	5623	1
7832	7404	1
4646	1940	1
5916	3225	1
6553	6184	1
10008	8231	1
5407	4706	1
6689	2214	1
9560	9559	1
4674	3290	1
10186	10170	1
6482	226	1
6593	468	1
8568	2451	1
8568	5727	1
8568	5944	1
8568	7926	1
8568	8528	1
8568	7832	1
8568	4808	1
8568	6800	1
8443	6685	1
8443	3587	1
8443	6800	1
8306	3690	1
9635	4808	1
9777	9349	1
4692	3640	1
4701	509	1
4944	354	1
9657	2533	1
7108	6016	1
9602	7097	1
7492	6490	1
6777	2533	1
4743	2568	1
6414	3254	1
9848	6258	1
9260	9238	1
5160	3735	1
4753	3403	1
4762	3729	1
7488	4582	1
6016	3621	1
4774	3394	1
7203	283	1
4807	328	1
4808	2138	1
4812	3548	1
7775	2755	1
6793	2203	1
4829	3146	1
4830	1884	1
6431	5867	1
6089	5867	1
6390	6089	1
6838	5052	1
5867	5052	1
6125	3683	1
4842	1306	1
4845	1674	1
4857	4547	1
7086	6610	1
7342	6421	1
6050	5879	1
6586	341	1
5941	5412	1
6965	5921	1
4884	4580	1
7192	1390	1
8879	6258	1
4896	2107	1
5514	5432	1
4898	2007	1
6415	3687	1
6816	2107	1
9274	5007	1
6925	972	1
6337	4939	1
4920	253	1
4926	1713	1
4927	1722	1
8600	5681	1
5724	5681	1
7436	4753	1
4945	1419	1
7926	6539	1
5623	2785	1
8528	8443	1
8001	4808	1
9431	3690	1
7257	3328	1
4963	84	1
4964	822	1
4968	71	1
9025	5007	1
4981	4743	1
9512	6599	1
4988	1186	1
4989	231	1
4989	448	1
4989	608	1
4989	1113	1
4989	1343	1
4989	2309	1
4989	2719	1
4989	3100	1
4989	3513	1
4989	4686	1
4989	1654	1
4989	795	1
4989	157	1
4989	618	1
4989	2198	1
4989	4514	1
4989	2511	1
4989	980	1
4989	855	1
4989	867	1
4989	1168	1
4989	1132	1
4989	1519	1
4989	447	1
8727	5017	1
9905	6882	1
10064	606	1
5034	521	1
5037	509	1
6551	1453	1
5047	941	1
5050	4579	1
5055	3508	1
6918	3346	1
5092	2043	1
7849	7063	1
5105	4617	1
8123	6009	1
5112	3474	1
7225	5837	1
8578	6799	1
9670	5470	1
5214	3147	1
5134	4765	1
6596	3794	1
8237	3729	1
7297	7074	1
5143	506	1
7023	6882	1
5148	571	1
9885	550	1
5154	1190	1
5156	1795	1
5494	1726	1
5163	1540	1
9849	2522	1
9940	2522	1
5220	4684	1
5384	1536	1
6893	1120	1
5960	3247	1
5236	524	1
9081	4945	1
7997	3714	1
9382	4319	1
6582	3712	1
5277	4672	1
7373	6834	1
8786	7325	1
5289	68	1
5305	4579	1
9187	8671	1
8098	2249	1
7266	6218	1
7359	618	1
7516	618	1
6370	4962	1
5326	4579	1
5329	1488	1
8714	8681	1
5473	3566	1
5345	3801	1
6191	6091	1
5351	48	1
5352	2616	1
5353	2752	1
7749	7407	1
5379	1462	1
7353	2696	1
9823	7999	1
5392	437	1
5393	131	1
5401	3477	1
6178	5236	1
10167	723	1
7051	6985	1
6138	5071	1
5443	3469	1
5445	2726	1
5452	662	1
8590	3872	1
8309	2209	1
8589	6301	1
5597	48	1
6686	2931	1
5478	3845	1
5479	2610	1
8006	5803	1
5491	3411	1
5495	358	1
9798	3729	1
7283	4762	1
6759	2131	1
7021	6759	1
5843	3729	1
8533	4762	1
8089	7725	1
7725	5497	1
9031	493	1
8644	1651	1
9889	4874	1
5515	2672	1
8853	644	1
8763	644	1
8182	644	1
7326	1128	1
5522	102	1
5527	1784	1
5533	2426	1
5948	2336	1
5549	376	1
5561	3168	1
5575	1132	1
5587	5579	1
7638	1897	1
8622	8597	1
7971	719	1
9143	3940	1
5613	4156	1
8869	7721	1
5626	3186	1
5632	4108	1
5635	5443	1
5640	3260	1
5649	3312	1
8858	4217	1
5657	2215	1
8148	362	1
8344	7197	1
6352	2100	1
7223	817	1
6247	4182	1
8865	458	1
7807	458	1
5688	1488	1
8506	458	1
5689	4148	1
7374	1714	1
6506	5715	1
6654	1861	1
6613	4577	1
8526	6390	1
5692	4684	1
5713	1832	1
5715	3561	1
5727	4808	1
5737	2903	1
5746	5166	1
5749	3599	1
8720	8620	1
5755	68	1
8317	1671	1
9091	3508	1
5779	2250	1
5780	1841	1
5781	5308	1
5783	2317	1
5789	5578	1
5797	3100	1
5807	5791	1
5813	1113	1
5819	5737	1
8665	8589	1
5824	5592	1
7475	4794	1
9713	3587	1
9713	6800	1
9826	6539	1
9539	9193	1
9899	8306	1
9193	2785	1
9577	5944	1
7282	1591	1
8284	5944	1
7382	5843	1
7627	4762	1
6363	5586	1
5872	3640	1
7470	2084	1
5881	4494	1
5888	4987	1
6896	4824	1
7074	5122	1
9398	6896	1
7300	3561	1
6176	5715	1
6328	3561	1
8020	287	1
6718	1132	1
6427	1132	1
5934	200	1
5947	4385	1
5950	3561	1
6458	4874	1
8641	2976	1
5953	435	1
5954	2611	1
5963	5755	1
5967	1484	1
10139	5789	1
8279	6185	1
6969	3122	1
5998	3406	1
6001	5497	1
6007	355	1
6009	1386	1
6012	1954	1
6015	4502	1
6020	5780	1
6023	4704	1
6031	3078	1
6035	9	1
6040	2635	1
6041	1109	1
7860	6561	1
6047	5154	1
6053	1667	1
9202	7501	1
6057	5682	1
6060	673	1
6064	509	1
6069	618	1
9012	2548	1
6085	1838	1
6346	2779	1
8480	8366	1
8723	2158	1
6110	4915	1
6124	2337	1
6149	1875	1
6160	863	1
6450	283	1
6167	5322	1
6168	3651	1
6169	3415	1
7765	7589	1
6174	3329	1
6184	5803	1
9765	5157	1
6187	3566	1
7118	6167	1
9814	3566	1
6221	1073	1
7168	1893	1
6617	1773	1
6996	1773	1
6336	1773	1
6239	5490	1
6899	4427	1
9700	7138	1
6266	6089	1
8563	5921	1
10119	287	1
9386	5039	1
10114	6223	1
6309	694	1
6321	3369	1
6327	83	1
6329	1182	1
6333	3186	1
6335	2051	1
9916	8535	1
8951	5803	1
6425	2602	1
6378	5837	1
6381	4922	1
6729	1877	1
9742	9741	1
9758	9747	1
9753	9743	1
9740	6752	1
9830	8568	1
9870	8568	1
6978	6829	1
6410	230	1
6426	2496	1
8826	7171	1
6435	1671	1
10057	4833	1
10011	5232	1
9879	5238	1
7600	5005	1
9302	3546	1
8258	3546	1
6462	6176	1
8948	7803	1
7736	6605	1
7803	7736	1
9061	8948	1
9094	2222	1
6469	1651	1
6715	3132	1
6488	5007	1
6489	941	1
8128	817	1
9497	8344	1
6496	1565	1
6497	6103	1
6500	6474	1
6508	473	1
7363	2644	1
9608	6585	1
9608	841	1
9422	6338	1
9547	1462	1
6524	1875	1
6525	3710	1
6999	6620	1
8901	4850	1
6565	477	1
6588	4186	1
6591	2657	1
9784	283	1
9569	6527	1
7729	3695	1
6632	3874	1
9400	3669	1
8045	5354	1
6672	25	1
6679	817	1
7318	5944	1
6683	2175	1
6692	2438	1
6701	5497	1
6708	458	1
9026	8255	1
6723	4326	1
6724	226	1
7690	5213	1
7806	3561	1
6739	3903	1
8818	7214	1
9750	6384	1
9739	6384	1
6756	5715	1
6760	5800	1
7054	6685	1
6764	2309	1
6781	6173	1
7621	3561	1
6784	1537	1
6786	5282	1
6814	6390	1
6822	1723	1
6840	6839	1
6859	6527	1
6866	6593	1
6876	2205	1
9968	6083	1
6886	1560	1
6905	6840	1
8799	4217	1
6913	6570	1
9552	9094	1
6924	6615	1
6929	757	1
6934	6490	1
8347	7399	1
9293	8720	1
7038	488	1
8218	4126	1
6956	6799	1
6958	2747	1
7402	3897	1
6962	6701	1
6967	1168	1
6971	5586	1
7631	698	1
7938	698	1
6973	2055	1
6987	6506	1
6990	6962	1
9923	7540	1
8681	7540	1
9827	7949	1
9482	5200	1
7983	7624	1
8015	7624	1
9557	7949	1
7000	639	1
7001	1105	1
7010	6047	1
9495	2755	1
7018	6124	1
7025	5194	1
8444	7770	1
8117	7770	1
7036	61	1
7040	2363	1
7046	3541	1
7049	7021	1
7052	6309	1
8431	1205	1
7056	2660	1
7061	5371	1
7790	939	1
7068	1058	1
7071	6091	1
8840	8424	1
10193	10044	1
7082	1589	1
7177	5967	1
8282	1091	1
9328	6685	1
10044	7849	1
7355	6685	1
9264	6685	1
8424	7063	1
9985	7860	1
9402	7849	1
7109	2904	1
7112	4035	1
8404	2314	1
8755	855	1
8755	2554	1
8755	1132	1
9190	8249	1
7143	5371	1
7145	6185	1
7147	1731	1
7158	5715	1
7160	3161	1
7161	2675	1
7162	6067	1
9642	4030	1
7167	1864	1
8892	1132	1
8645	4442	1
7184	4699	1
7185	358	1
7194	4898	1
7195	6069	1
9500	8344	1
7196	6933	1
7197	785	1
8534	7021	1
9039	4280	1
7208	1931	1
7215	2057	1
8445	3842	1
9925	5719	1
7229	2883	1
7235	1114	1
7237	2741	1
8561	3223	1
7244	1261	1
9095	6789	1
7766	5052	1
7837	4629	1
10124	1366	1
7928	6254	1
7255	4917	1
7263	3865	1
7692	7048	1
7278	3680	1
7287	1864	1
7301	3507	1
9587	5947	1
9369	6634	1
7755	2444	1
7303	2533	1
9157	1772	1
7313	2419	1
7315	6785	1
7322	1453	1
9348	1362	1
7324	1667	1
8170	7098	1
7327	368	1
7334	3049	1
8046	157	1
9104	7501	1
8059	5780	1
9055	3390	1
10087	9055	1
8173	5092	1
7377	5592	1
9782	6635	1
9749	8670	1
7393	5379	1
7397	723	1
7467	7424	1
7406	458	1
7407	3305	1
9708	1748	1
7429	5483	1
9321	6470	1
8576	3561	1
8997	7871	1
7471	2158	1
7476	7225	1
9575	4737	1
7499	6732	1
9345	5751	1
9619	9440	1
7507	901	1
7509	2455	1
7520	6933	1
7523	2239	1
7532	1763	1
7553	908	1
7576	4148	1
7583	2499	1
7584	4000	1
7589	7171	1
7597	1132	1
8459	8399	1
8426	1798	1
8399	1798	1
7919	1798	1
7630	7197	1
9970	8424	1
7648	1884	1
7653	6220	1
7664	7663	1
7673	3965	1
7674	7501	1
9283	7640	1
7696	3100	1
7697	1494	1
8794	2851	1
8152	1084	1
7721	7208	1
7722	3946	1
7724	1244	1
7754	5483	1
8214	7137	1
9311	2622	1
9961	9892	1
8320	271	1
7770	6610	1
7787	1798	1
9805	1453	1
9261	9025	1
7827	325	1
7828	1096	1
7841	6610	1
9387	7588	1
7845	1900	1
8556	5270	1
7863	7630	1
7869	7321	1
7872	1467	1
9736	7300	1
10018	7849	1
7909	3049	1
7912	1039	1
7914	953	1
7930	3982	1
7934	5803	1
7943	7499	1
7953	4016	1
8682	7379	1
7975	4679	1
7995	7949	1
8007	6485	1
10132	10130	1
8026	3447	1
8039	844	1
9983	8938	1
8057	6245	1
8080	531	1
10112	9967	1
8084	8065	1
8087	5398	1
9633	7063	1
8113	4046	1
8126	612	1
8511	8420	1
8456	8454	1
8142	3536	1
8144	6590	1
8150	7452	1
8164	7000	1
8174	3617	1
9656	8142	1
8176	1497	1
9315	9103	1
8183	6188	1
9285	7827	1
8191	7871	1
8206	7871	1
8220	6036	1
8245	5586	1
8231	4519	1
8584	2939	1
8604	141	1
8255	108	1
8490	3785	1
8257	3413	1
8267	7515	1
8466	7367	1
9339	4708	1
8375	8370	1
8299	5881	1
8323	4259	1
8327	3119	1
9733	3663	1
9770	8771	1
8357	6185	1
8380	3514	1
8391	7749	1
9465	7282	1
8427	612	1
9045	8356	1
8439	435	1
8451	7137	1
8452	6088	1
8481	8297	1
9819	7097	1
8580	5575	1
10061	7640	1
8491	1611	1
8983	8639	1
9385	8328	1
8536	2205	1
8559	8117	1
8572	678	1
8575	7871	1
8586	7871	1
8587	5819	1
9172	8370	1
8591	1861	1
8594	4047	1
8605	7849	1
8611	3418	1
8623	7590	1
8627	4169	1
8637	8445	1
8643	6635	1
8685	564	1
8688	468	1
8698	2131	1
8699	7158	1
8717	8357	1
9582	4992	1
8728	4558	1
8750	8492	1
8760	1876	1
8762	9	1
10152	3468	1
8785	2980	1
8803	8357	1
8813	8707	1
8817	7429	1
8838	8333	1
8839	6272	1
8890	8287	1
8846	1651	1
8852	6821	1
8868	7168	1
8880	883	1
8899	8595	1
8908	8593	1
8916	6866	1
8939	1362	1
8940	7126	1
9808	9806	1
9810	9807	1
9809	9807	1
9807	9806	1
8950	8060	1
8952	4704	1
8955	4304	1
8957	8950	1
8959	1877	1
8960	8955	1
8973	7062	1
8981	2998	1
8994	259	1
9001	8640	1
9149	5381	1
9009	325	1
9013	6242	1
9023	2173	1
9024	7999	1
9027	4136	1
9040	6765	1
9044	6245	1
9077	8123	1
9080	6511	1
9082	6866	1
9085	1982	1
9118	7171	1
10055	6177	1
9138	503	1
9142	9139	1
9170	3750	1
9174	363	1
9178	4563	1
9531	1574	1
9192	1659	1
9590	7514	1
9207	9154	1
9234	3078	1
9237	8397	1
9243	213	1
9246	3772	1
9253	2294	1
9272	2650	1
9278	6507	1
9279	68	1
9297	9113	1
9298	7198	1
9319	794	1
9326	8010	1
9332	3032	1
9354	4032	1
9356	68	1
9371	1484	1
9388	5747	1
9416	5020	1
9440	9293	1
9448	9290	1
9460	4374	1
9468	7352	1
9477	3078	1
9507	7791	1
9511	6463	1
9519	1756	1
9527	8357	1
9530	9482	1
9536	1484	1
9538	2755	1
9544	2811	1
9553	9408	1
9554	9179	1
9559	9554	1
9561	1954	1
9562	2982	1
9568	4564	1
9585	8297	1
9593	6338	1
9600	8357	1
9601	9085	1
9604	7501	1
9609	8869	1
9628	6328	1
9647	9272	1
9658	6185	1
9785	9663	1
9666	1190	1
9667	8129	1
9668	9304	1
9672	5415	1
9677	3400	1
9681	9113	1
9690	7999	1
9710	7138	1
9724	9422	1
9728	8787	1
9731	8357	1
9751	3678	1
10041	368	1
9793	9738	1
9822	8239	1
9829	3192	1
9836	7849	1
9841	9422	1
9863	8357	1
9864	1205	1
9866	4041	1
9874	1569	1
9886	723	1
9890	8869	1
9902	7540	1
10034	2522	1
9909	226	1
9911	9909	1
9914	226	1
9921	3884	1
9942	9113	1
9952	4063	1
9955	4824	1
9960	6245	1
9978	5492	1
9990	8357	1
9994	5338	1
9999	3801	1
10000	236	1
10035	9593	1
10039	8670	1
10051	226	1
10078	287	1
10089	9311	1
10093	3561	1
10095	6041	1
10109	3078	1
10121	1186	1
10144	8920	1
10149	6768	1
10158	3801	1
10183	213	1
10179	6485	1
68	1	1
1565	1457	1
5300	1807	1
1547	1	1
4794	4	1
1632	5	1
5014	5	1
1619	9	1
1635	9	1
694	10	1
49	15	1
378	16	1
48	17	1
271	43	1
6254	5005	1
8330	8207	1
8434	3123	1
3123	33	1
1293	34	1
280	34	1
615	35	1
3506	36	1
9030	36	1
59	36	1
2254	37	1
550	40	1
298	47	1
362	227	1
803	64	1
7434	3299	1
770	66	1
212	72	1
786	736	1
2248	76	1
111	76	1
2227	77	1
4012	77	1
1207	82	1
2505	82	1
4363	82	1
1550	82	1
9987	86	1
9701	1366	1
7916	6258	1
5772	719	1
97	84	1
5230	5197	1
540	99	1
1028	99	1
1231	1028	1
4974	100	1
253	104	1
2277	104	1
283	106	1
848	120	1
4361	373	1
7867	7388	1
1992	1484	1
6299	1033	1
792	402	1
5253	1537	1
350	145	1
3863	145	1
3672	145	1
477	155	1
6646	1574	1
5056	152	1
174	157	1
795	752	1
1523	157	1
168	104	1
1495	168	1
4390	169	1
954	766	1
1039	174	1
643	174	1
175	153	1
5455	176	1
9883	3840	1
177	176	1
214	180	1
226	182	1
6275	182	1
2031	186	1
819	186	1
644	580	1
5436	194	1
358	196	1
2760	196	1
199	66	1
732	557	1
205	66	1
402	205	1
1624	207	1
850	632	1
240	137	1
596	325	1
400	212	1
322	256	1
308	212	1
366	362	1
4244	1486	1
396	358	1
220	213	1
221	214	1
225	213	1
7917	5363	1
227	25	1
229	213	1
231	223	1
1105	822	1
882	334	1
8747	231	1
6954	231	1
2399	231	1
1040	401	1
1121	1063	1
538	271	1
237	202	1
389	238	1
1664	576	1
1192	1001	1
3475	832	1
4263	1153	1
245	202	1
787	548	1
374	249	1
7732	249	1
262	249	1
250	216	1
9944	5041	1
6801	4594	1
1497	253	1
2634	325	1
3607	254	1
256	212	1
4344	266	1
6622	278	1
634	280	1
1195	1039	1
2981	1651	1
291	227	1
294	68	1
428	203	1
599	298	1
1417	300	1
300	112	1
2008	300	1
4228	867	1
993	338	1
525	304	1
4290	1546	1
783	304	1
1546	644	1
3931	525	1
973	720	1
522	311	1
2774	2253	1
7778	5166	1
443	253	1
315	68	1
5386	5350	1
317	25	1
776	323	1
2053	326	1
828	328	1
3858	644	1
885	832	1
1695	338	1
376	338	1
735	338	1
3912	3903	1
6293	341	1
2272	344	1
1225	355	1
2641	355	1
9058	2641	1
1394	357	1
949	358	1
678	468	1
368	195	1
2076	368	1
369	362	1
2052	370	1
2206	506	1
7060	559	1
2455	1651	1
453	375	1
377	283	1
382	373	1
6316	558	1
387	72	1
605	387	1
408	266	1
5526	2071	1
6261	410	1
9621	413	1
414	68	1
9238	509	1
4231	1798	1
2486	936	1
432	428	1
4669	431	1
2779	723	1
1446	493	1
6666	493	1
937	435	1
8101	5037	1
7435	435	1
3671	3304	1
9087	436	1
439	362	1
2617	533	1
497	443	1
5307	444	1
446	68	1
3608	450	1
1876	644	1
9146	453	1
1879	858	1
460	362	1
5693	2309	1
470	287	1
1000	213	1
1239	866	1
1654	477	1
752	477	1
1104	822	1
1135	822	1
8934	898	1
1457	1084	1
4053	484	1
898	830	1
1626	1230	1
4182	2155	1
494	213	1
2716	494	1
495	271	1
6081	3566	1
6601	496	1
3658	2426	1
9645	497	1
576	240	1
5978	1799	1
5996	506	1
517	325	1
2639	517	1
5275	517	1
4921	2078	1
1685	522	1
9551	522	1
888	581	1
1248	888	1
581	525	1
2077	528	1
7887	528	1
1074	538	1
530	362	1
3215	538	1
2095	538	1
542	80	1
716	606	1
544	68	1
1116	240	1
1311	550	1
4893	550	1
988	312	1
9471	1405	1
1674	555	1
1175	889	1
889	848	1
2199	311	1
559	373	1
7882	373	1
565	477	1
567	543	1
6830	2398	1
2860	571	1
2023	1280	1
1340	578	1
741	578	1
1987	497	1
582	216	1
5866	4874	1
8094	4874	1
3699	588	1
3190	588	1
1432	493	1
1940	878	1
6451	594	1
1061	594	1
3927	1186	1
1536	1009	1
831	223	1
5171	625	1
7894	757	1
1255	597	1
4885	597	1
2332	600	1
10116	1663	1
3896	325	1
1179	936	1
608	157	1
1229	1195	1
7565	6091	1
1508	613	1
614	325	1
945	615	1
619	401	1
642	620	1
4157	643	1
647	618	1
650	240	1
808	625	1
655	644	1
1769	658	1
659	213	1
661	376	1
1526	375	1
2100	662	1
2047	754	1
1055	668	1
668	658	1
670	493	1
3967	1280	1
1096	682	1
684	618	1
691	651	1
5186	1163	1
699	618	1
703	533	1
7148	704	1
9248	705	1
854	706	1
3457	708	1
838	710	1
4813	710	1
2535	2101	1
9018	3344	1
6499	3344	1
715	373	1
1380	1084	1
789	202	1
9262	719	1
726	720	1
727	213	1
729	644	1
1320	729	1
731	709	1
3115	732	1
3782	2830	1
805	735	1
8592	736	1
739	625	1
7295	3985	1
5198	748	1
9603	750	1
2157	750	1
10007	753	1
3878	462	1
4567	1285	1
761	373	1
762	428	1
5373	764	1
766	625	1
2475	1273	1
2353	768	1
2710	771	1
10027	777	1
2051	1364	1
9715	6335	1
782	723	1
5377	3652	1
3171	787	1
2447	789	1
8847	790	1
3062	1352	1
3019	1988	1
794	287	1
7369	3100	1
809	373	1
811	326	1
3903	869	1
6137	213	1
821	326	1
822	533	1
1321	325	1
2211	827	1
4966	827	1
830	280	1
3959	2205	1
1123	832	1
2002	834	1
9380	835	1
2295	840	1
3039	1258	1
6540	1556	1
852	625	1
856	68	1
8968	325	1
3981	860	1
863	618	1
866	493	1
869	723	1
4233	21	1
2673	901	1
2962	2788	1
875	618	1
880	636	1
881	682	1
7629	2846	1
891	213	1
2085	1805	1
4098	894	1
894	176	1
897	198	1
1266	899	1
900	625	1
1438	903	1
904	533	1
4802	907	1
3413	911	1
932	912	1
5907	912	1
6806	2453	1
3191	913	1
3045	913	1
915	411	1
9565	915	1
1986	915	1
7345	917	1
6470	920	1
923	723	1
8474	6258	1
1837	930	1
934	99	1
935	509	1
5195	213	1
2214	817	1
4470	937	1
938	599	1
2605	1280	1
8700	939	1
3096	942	1
3209	942	1
944	697	1
1032	947	1
953	365	1
3424	959	1
1080	959	1
1063	959	1
3965	959	1
9257	959	1
999	964	1
965	855	1
3169	855	1
3841	855	1
1144	855	1
967	305	1
1285	639	1
1612	1356	1
1210	1084	1
7950	2365	1
9541	973	1
8927	720	1
974	533	1
5343	976	1
978	192	1
8543	202	1
7385	980	1
983	479	1
4405	983	1
4117	984	1
1521	984	1
6101	3750	1
8310	7449	1
1579	990	1
5976	991	1
992	528	1
5925	1739	1
1001	720	1
1251	1004	1
1843	1129	1
1010	202	1
1011	958	1
10052	1992	1
1013	743	1
1014	137	1
1017	857	1
2689	2155	1
9737	2155	1
1319	1018	1
5476	2155	1
4419	2155	1
5898	1130	1
1033	1018	1
1018	296	1
7388	2155	1
3634	1019	1
3247	1019	1
1020	618	1
1021	769	1
1062	1021	1
5511	1021	1
1898	1023	1
1026	433	1
4031	3170	1
3157	540	1
1922	1748	1
1036	745	1
8671	2290	1
2351	1916	1
4213	1042	1
1048	213	1
4875	3561	1
8582	1654	1
1054	719	1
1056	719	1
1609	1573	1
1059	184	1
5036	1018	1
1165	1062	1
1556	1066	1
2403	723	1
1075	503	1
7022	4283	1
3407	1513	1
9228	720	1
1091	68	1
3574	1095	1
2395	639	1
3142	639	1
1098	283	1
1099	593	1
5663	1101	1
5193	1105	1
9706	1105	1
2346	1105	1
10165	8231	1
2359	1112	1
2796	2309	1
3714	723	1
1571	1127	1
1118	373	1
1120	698	1
1127	1117	1
2088	1127	1
1681	1129	1
1549	253	1
2389	1130	1
2426	1134	1
1136	625	1
1143	509	1
1145	373	1
1146	618	1
4312	618	1
1148	778	1
1149	618	1
9049	1151	1
3242	1153	1
1157	941	1
1163	618	1
5528	1586	1
5067	3563	1
3989	1084	1
1171	625	1
1172	452	1
1176	362	1
1178	857	1
6657	1178	1
9469	5803	1
2712	1186	1
1190	559	1
3880	3466	1
3466	559	1
1197	996	1
3405	1198	1
5072	2550	1
3895	2550	1
2550	1198	1
3417	2550	1
4352	1200	1
6647	1537	1
1204	698	1
3573	1210	1
4656	4217	1
3802	1213	1
4059	1213	1
1219	960	1
1224	651	1
3340	1231	1
3188	1634	1
1236	280	1
7268	1239	1
3836	1239	1
1832	1239	1
2484	1240	1
1241	625	1
1242	1096	1
1246	723	1
1249	596	1
5283	4328	1
1252	48	1
3321	625	1
6757	3715	1
1258	855	1
1573	1258	1
2791	855	1
3701	1258	1
1814	1258	1
1262	1228	1
1264	618	1
1586	618	1
1825	1264	1
1531	1163	1
1265	644	1
7735	3750	1
1274	468	1
1277	822	1
3012	1281	1
1282	1070	1
1283	68	1
1343	1285	1
1483	1286	1
5628	3405	1
1288	362	1
3707	1291	1
1594	867	1
1298	644	1
1303	817	1
1304	776	1
1306	723	1
8595	2386	1
1315	889	1
1317	625	1
1339	170	1
2562	1341	1
1350	703	1
1353	855	1
9903	6335	1
1368	625	1
1375	1280	1
1379	1195	1
4237	2394	1
1580	1477	1
2042	1390	1
2175	1390	1
1393	271	1
2237	1634	1
2063	1537	1
9107	1399	1
1400	202	1
7151	1400	1
3717	202	1
1405	619	1
9452	1280	1
4154	1405	1
1408	644	1
1412	1070	1
1415	618	1
8743	5067	1
2107	1421	1
5669	1421	1
1422	509	1
1427	338	1
4391	1428	1
8741	1431	1
1434	68	1
1662	68	1
8397	68	1
7844	68	1
1436	1084	1
1437	283	1
1440	479	1
1443	300	1
4433	1476	1
1445	581	1
5833	3933	1
3812	1445	1
1448	855	1
1451	792	1
1455	1175	1
2651	1455	1
6301	1459	1
8889	693	1
2603	867	1
2343	1462	1
3691	1462	1
1464	894	1
1469	1269	1
1473	532	1
8263	1574	1
6939	5124	1
1476	855	1
6857	6096	1
9205	1479	1
3032	1849	1
2261	867	1
3865	867	1
1487	1467	1
1488	76	1
2345	1489	1
1493	1195	1
9567	1499	1
1499	1273	1
1500	741	1
1502	499	1
9828	1506	1
3623	1507	1
1510	1394	1
1513	1195	1
7616	1195	1
7710	1195	1
3555	1513	1
1517	855	1
2424	1519	1
8228	1520	1
1525	855	1
1527	283	1
1528	867	1
1529	817	1
1530	533	1
8406	1533	1
1535	1325	1
1538	882	1
1540	1039	1
4905	2255	1
3390	1547	1
1548	855	1
8962	1551	1
1561	1280	1
3731	1566	1
1568	644	1
1570	373	1
1576	1113	1
1577	68	1
8924	1585	1
8313	1589	1
4617	3997	1
6344	3468	1
2147	1600	1
2788	1602	1
6998	901	1
1603	618	1
1611	479	1
1615	1186	1
2435	1617	1
1618	216	1
5949	1618	1
1627	604	1
1630	910	1
4620	1467	1
1638	723	1
1639	373	1
1643	1280	1
2146	1643	1
1644	855	1
1648	226	1
3722	1649	1
1652	479	1
3131	1654	1
8613	5166	1
1655	1056	1
1663	540	1
6897	1668	1
1675	346	1
2055	325	1
3873	1683	1
1684	1377	1
6205	5528	1
5209	4827	1
1693	1589	1
1694	1514	1
1696	453	1
1697	493	1
1703	723	1
1996	1703	1
1705	618	1
1709	625	1
1712	1237	1
1715	1651	1
8918	1717	1
1718	1182	1
1721	822	1
7209	1732	1
5413	4237	1
9188	1732	1
1735	283	1
1739	133	1
7479	3184	1
6727	1743	1
6631	1748	1
1748	1462	1
5814	1748	1
3803	776	1
1766	1651	1
5840	1767	1
8628	2802	1
1775	80	1
2066	1777	1
1778	216	1
2512	2482	1
2285	1785	1
1788	374	1
1793	1679	1
1807	867	1
1813	723	1
1817	216	1
5260	1819	1
5084	3470	1
2451	1826	1
4760	1827	1
1828	362	1
1997	1828	1
1829	493	1
7153	1829	1
6405	1829	1
7390	6848	1
9005	1831	1
7170	1831	1
1835	578	1
1836	855	1
2103	1837	1
1841	577	1
1844	698	1
1846	1113	1
1848	1651	1
1849	817	1
1850	68	1
1852	373	1
1853	325	1
1854	1651	1
1855	1651	1
1858	723	1
10029	2205	1
1861	1714	1
7006	5932	1
4752	1861	1
4075	4063	1
1872	867	1
4018	3405	1
1875	89	1
2685	1881	1
1887	497	1
1891	618	1
7270	6089	1
6945	1892	1
1896	723	1
1899	283	1
1905	723	1
4820	3566	1
1921	169	1
5636	1922	1
2429	1923	1
7883	1923	1
2219	1923	1
1926	980	1
1928	1651	1
1934	213	1
5094	1937	1
5089	1937	1
4355	1937	1
1944	325	1
1947	604	1
4665	2314	1
4060	1706	1
3458	2314	1
7387	1952	1
5408	1953	1
7989	1953	1
7622	3514	1
3904	2048	1
6324	1957	1
3415	1961	1
2493	1962	1
1964	1762	1
1966	68	1
1967	765	1
10067	1972	1
9275	1972	1
1976	1182	1
5775	493	1
7924	3656	1
3871	3391	1
5463	4333	1
2116	1991	1
1994	1394	1
8676	2009	1
10049	8688	1
2015	271	1
2020	709	1
2021	709	1
5553	2021	1
2028	1859	1
10033	2028	1
6928	2028	1
9972	2028	1
2035	325	1
2288	2045	1
5212	2094	1
7449	2049	1
2058	1992	1
2064	723	1
2067	1651	1
6507	2070	1
5129	373	1
2072	1467	1
2073	509	1
8175	1486	1
2078	1000	1
2082	271	1
2084	373	1
3033	2087	1
2090	1622	1
5875	3750	1
2098	697	1
9986	1366	1
2161	506	1
5266	2102	1
2912	2105	1
4880	2105	1
2106	1512	1
2613	2031	1
2112	493	1
2114	967	1
2122	1901	1
2130	1084	1
5497	2131	1
6700	2131	1
6610	2305	1
2305	2131	1
2137	867	1
3280	2138	1
3587	2138	1
2141	1113	1
2142	1220	1
6743	2142	1
9926	1467	1
9627	2148	1
8053	5993	1
2151	202	1
8278	6916	1
2167	2121	1
2168	618	1
2169	698	1
4097	2169	1
3350	2205	1
2174	855	1
4749	855	1
4509	855	1
3833	2174	1
2990	2174	1
2178	1574	1
2458	1399	1
2183	1280	1
2189	325	1
2192	2161	1
2193	862	1
3182	2198	1
8139	2201	1
8669	2209	1
8354	2212	1
2222	25	1
2224	1859	1
2226	1651	1
2231	1453	1
2235	1467	1
9088	2237	1
2240	1399	1
2242	1154	1
8423	2249	1
2257	1571	1
2259	985	1
2270	2155	1
2279	1113	1
3463	2279	1
2282	1798	1
5842	1798	1
2298	1798	1
2299	1907	1
2302	822	1
2494	2302	1
2303	169	1
2402	169	1
2306	1633	1
5082	2306	1
3444	1651	1
3730	2307	1
2314	1950	1
2325	325	1
2328	2205	1
5106	2331	1
3681	2333	1
2340	867	1
2341	68	1
2347	855	1
4683	3721	1
2357	1859	1
2364	1634	1
5120	2368	1
2647	2369	1
2414	2381	1
2386	774	1
2387	2048	1
2390	1182	1
2393	2336	1
6013	2402	1
4251	2402	1
3202	2402	1
4566	2403	1
5895	2404	1
2406	817	1
7293	2407	1
2409	604	1
2410	366	1
3020	901	1
5800	2418	1
9144	618	1
4458	3518	1
9173	2424	1
5242	2425	1
2428	2029	1
9698	5398	1
6220	2438	1
8864	2444	1
2448	362	1
9093	723	1
4967	723	1
3015	2449	1
2567	2513	1
4516	2453	1
4188	2459	1
2463	1467	1
2465	709	1
2471	1537	1
3553	2475	1
2487	48	1
2488	1237	1
6710	2504	1
2506	1182	1
2514	1337	1
2521	2407	1
2523	901	1
2525	901	1
2526	1651	1
2528	1798	1
2530	901	1
2555	2530	1
2751	2531	1
2792	2536	1
2541	901	1
2545	362	1
3874	3624	1
5177	2550	1
2551	1182	1
7262	4404	1
9732	2668	1
5099	2559	1
5245	2564	1
8986	2568	1
2575	2168	1
2576	1992	1
2577	2047	1
2584	1954	1
2588	2289	1
7957	6012	1
2692	2595	1
4141	3344	1
2963	1663	1
3389	2767	1
2600	2595	1
4792	2600	1
8223	6231	1
3665	2611	1
8201	2847	1
2643	2611	1
2831	2611	1
2625	822	1
2626	1574	1
2637	2483	1
2648	1602	1
2649	455	1
2658	976	1
2659	1512	1
2833	2673	1
2674	939	1
2682	1634	1
3281	2687	1
2718	2688	1
2837	2694	1
2694	2624	1
2698	2595	1
2733	2721	1
2721	2698	1
2700	376	1
2701	2555	1
2875	2705	1
2720	644	1
2722	1279	1
2735	901	1
6361	2735	1
2864	2745	1
6778	2756	1
2757	2136	1
2763	293	1
4171	2763	1
2764	1537	1
4725	202	1
2770	901	1
2772	2523	1
8133	2775	1
2777	1923	1
2780	1182	1
2782	1651	1
3124	1651	1
4492	2785	1
2835	2788	1
3541	2789	1
3022	2793	1
3709	3022	1
9526	1113	1
8574	1113	1
7685	7167	1
2797	535	1
3593	2797	1
2798	2048	1
3706	2798	1
2800	1486	1
5020	3747	1
2805	216	1
2813	901	1
2814	855	1
2816	2418	1
2826	1992	1
6200	2830	1
2839	901	1
5983	901	1
2842	2670	1
3779	2842	1
2846	1469	1
2847	2553	1
7661	2851	1
2852	1240	1
6028	2856	1
2862	2203	1
7092	2866	1
2870	1602	1
5068	2877	1
5683	5068	1
2891	1602	1
2896	362	1
2910	2731	1
2913	698	1
6071	2913	1
2917	2670	1
2919	1571	1
2923	2228	1
2924	776	1
2944	2163	1
8325	2948	1
5191	2474	1
8112	2948	1
8389	2949	1
2950	1390	1
7931	5776	1
2956	2105	1
2957	368	1
2958	1651	1
6707	2964	1
2965	1182	1
2971	1571	1
2972	867	1
2976	2707	1
2984	2707	1
2986	2595	1
10080	2994	1
2999	625	1
6625	3000	1
3002	2515	1
3003	1859	1
3146	1651	1
3011	318	1
3013	533	1
3017	1186	1
4074	2555	1
3539	3033	1
3692	3035	1
3041	2198	1
3042	1467	1
3047	2963	1
3065	475	1
3082	2670	1
3088	2674	1
5677	3090	1
3090	1923	1
3091	1182	1
3097	2048	1
3554	3102	1
9625	362	1
3114	817	1
3116	2629	1
9101	7761	1
3118	1537	1
4822	1651	1
3125	509	1
3126	900	1
3128	1564	1
3133	1053	1
3134	983	1
3136	698	1
3147	84	1
3151	618	1
3153	2672	1
3161	1421	1
3165	1798	1
4055	1798	1
3170	1113	1
3177	901	1
3184	1992	1
3200	2309	1
3219	2779	1
3228	1080	1
7702	3228	1
3231	1651	1
3603	3233	1
10120	3233	1
3240	205	1
3250	528	1
3253	1798	1
6852	6245	1
3255	2865	1
3258	867	1
3273	2672	1
3276	325	1
3278	698	1
3282	1540	1
4108	3287	1
3288	1335	1
3289	1651	1
3292	3209	1
3293	1582	1
7745	3293	1
3300	493	1
3304	1954	1
3325	1280	1
3326	1602	1
3333	86	1
5776	3346	1
5913	3348	1
3349	2215	1
3351	68	1
7605	5990	1
5990	3352	1
3353	226	1
3357	1571	1
3362	3186	1
3374	287	1
3375	1651	1
3378	1992	1
3383	2309	1
7371	6760	1
3401	754	1
9931	3403	1
3404	723	1
9834	3407	1
3408	867	1
3410	3100	1
5883	4594	1
10001	3424	1
3425	1083	1
3428	2520	1
3430	625	1
3438	1467	1
6235	723	1
8207	3454	1
3461	975	1
3468	1591	1
8129	3468	1
7562	6344	1
4973	1591	1
3470	1113	1
3478	937	1
3479	1992	1
3482	1651	1
3488	3344	1
3489	1279	1
4919	3491	1
3492	802	1
3494	855	1
3496	3115	1
3500	903	1
3501	625	1
3511	1877	1
3512	2155	1
5185	3518	1
3521	1602	1
3523	2966	1
3529	1817	1
6538	3529	1
3542	817	1
3543	2203	1
6379	3553	1
3562	2309	1
3563	1825	1
3581	3100	1
3584	2474	1
3598	1113	1
3605	1571	1
3619	625	1
3621	3147	1
7551	3622	1
3624	1789	1
6279	3624	1
3632	855	1
7570	855	1
3645	1113	1
6454	3651	1
3654	1950	1
8432	3663	1
3667	48	1
3670	1651	1
3676	644	1
8449	644	1
3677	723	1
3683	3561	1
6870	6685	1
4129	3683	1
4629	3683	1
6155	3683	1
5052	4129	1
3685	1084	1
3686	1113	1
3689	86	1
3690	5	1
3712	3186	1
3713	644	1
3715	766	1
3721	855	1
3725	373	1
3728	2647	1
3729	2131	1
3734	901	1
3736	3100	1
3740	625	1
3745	3561	1
7781	3748	1
7933	3757	1
3762	1651	1
3764	625	1
3767	3454	1
3769	2336	1
3773	435	1
3777	493	1
3778	48	1
4139	3782	1
5574	3783	1
4815	3786	1
3789	1859	1
3792	1651	1
8155	3792	1
4504	3792	1
3797	3566	1
3805	1798	1
5893	4927	1
4600	3812	1
3806	1671	1
3808	104	1
5897	3812	1
3821	1084	1
7612	3822	1
4745	3832	1
3847	1251	1
3849	2877	1
3850	3750	1
3857	1264	1
3860	3406	1
5210	3861	1
3862	2788	1
7421	6685	1
3866	1743	1
3867	1537	1
3869	1113	1
3870	68	1
6253	3870	1
7925	3871	1
3881	1634	1
3882	2825	1
6418	5551	1
3889	1195	1
3892	1634	1
3901	3774	1
3907	2309	1
3911	3801	1
3914	1859	1
3917	2048	1
3920	3561	1
7662	3920	1
5439	625	1
3930	3721	1
4229	3939	1
3933	1798	1
3936	2707	1
6389	3936	1
8837	7404	1
8716	3942	1
5309	3942	1
3943	2205	1
6556	2205	1
3948	366	1
3955	570	1
3956	3801	1
3957	1798	1
3962	1182	1
3969	2078	1
3970	3406	1
3972	3634	1
9506	855	1
3978	1280	1
3985	2814	1
3986	803	1
5184	3990	1
3994	1571	1
4009	112	1
4457	3801	1
5204	4016	1
7958	867	1
4026	2696	1
6417	4026	1
4027	3940	1
6371	1182	1
8542	4034	1
4036	48	1
4045	1182	1
4048	3801	1
4052	2309	1
4056	325	1
4064	901	1
4072	3344	1
4080	4060	1
4086	2809	1
4088	3100	1
4090	618	1
4101	4046	1
4456	4104	1
4105	3801	1
4106	48	1
4109	48	1
10043	213	1
8476	4111	1
7510	4111	1
4116	3351	1
4121	287	1
4122	1113	1
4132	2877	1
4146	3100	1
4150	3100	1
4151	1798	1
6567	4160	1
4163	2825	1
4166	644	1
4175	1198	1
4184	509	1
4685	4185	1
4191	2336	1
4197	1634	1
4204	1113	1
4207	362	1
6661	3344	1
4211	3801	1
4212	2707	1
4224	901	1
4240	2309	1
4241	2834	1
4243	1113	1
4245	216	1
4246	413	1
4248	2309	1
4249	1900	1
5135	4251	1
4252	3566	1
4253	2205	1
4255	594	1
4258	287	1
6193	4681	1
4259	1394	1
4260	3477	1
5390	3477	1
4262	1569	1
8812	216	1
9797	4270	1
4271	356	1
4275	1859	1
4279	1280	1
4281	1281	1
4283	2731	1
4287	3168	1
4289	1486	1
4836	4290	1
4293	2309	1
4294	625	1
4303	901	1
4307	3100	1
4309	1032	1
6738	6091	1
4496	4310	1
4311	817	1
4315	1220	1
4321	3100	1
4322	1280	1
4332	1366	1
4334	1537	1
4335	2205	1
4338	362	1
9659	4339	1
6885	4339	1
7135	4339	1
4339	3424	1
4353	4114	1
4356	1651	1
8024	4360	1
4379	1537	1
4392	1467	1
4396	1473	1
4490	4397	1
4413	283	1
4414	3801	1
8936	8589	1
4422	2342	1
4423	1084	1
4432	1467	1
9618	5993	1
4439	1021	1
8860	4442	1
4443	1195	1
4445	1537	1
9653	4445	1
4448	1113	1
4452	1113	1
4462	1798	1
4466	493	1
4475	1273	1
4477	3389	1
7076	4477	1
5902	1280	1
4493	3100	1
6587	6091	1
4497	1132	1
4501	618	1
6834	4507	1
8932	7999	1
4993	1859	1
4511	1280	1
4514	618	1
5957	4516	1
4520	3522	1
4522	2048	1
4527	1992	1
4537	698	1
4540	3078	1
4546	1467	1
4550	2354	1
4553	2512	1
9988	4554	1
4555	3186	1
4556	3375	1
9783	6091	1
9812	4562	1
4574	271	1
4577	3561	1
5660	3561	1
5063	4577	1
4578	1634	1
7628	4582	1
6306	4582	1
6276	5257	1
7279	4587	1
4590	1273	1
4592	855	1
4593	1503	1
7026	4594	1
7498	5779	1
7395	5779	1
4596	202	1
4598	618	1
6403	4611	1
4615	3561	1
4622	2512	1
4623	855	1
4625	862	1
4630	2205	1
4633	68	1
4641	2048	1
5502	4646	1
8230	5238	1
7259	4658	1
4661	709	1
4662	538	1
4664	226	1
6052	901	1
4678	458	1
4681	287	1
4693	1467	1
4700	1651	1
4702	1651	1
9410	4706	1
4707	3940	1
4715	2670	1
4718	36	1
4719	1113	1
4720	618	1
4728	1842	1
4729	3575	1
4731	723	1
4734	2309	1
4738	2205	1
4739	2923	1
4779	4750	1
10102	4753	1
4754	2670	1
4761	3328	1
4764	3801	1
4780	1453	1
4781	533	1
4790	3344	1
7084	4792	1
7836	4794	1
4795	3767	1
5411	1798	1
4796	3566	1
4805	3566	1
4809	3750	1
4811	1453	1
4814	855	1
4823	68	1
5774	213	1
4833	1467	1
6409	4839	1
9607	7397	1
4843	1651	1
4851	3373	1
6845	4851	1
4853	822	1
9291	8999	1
8866	4861	1
4862	1280	1
4867	1992	1
8184	822	1
5492	4874	1
6780	4877	1
6749	1992	1
7002	4879	1
6755	4889	1
8659	4891	1
7272	4903	1
4904	2309	1
4907	3561	1
4908	3477	1
4909	2155	1
4923	456	1
5369	4968	1
6453	4927	1
4936	2643	1
4938	1113	1
4946	3100	1
4951	1280	1
4954	3561	1
4962	2707	1
4970	2048	1
4971	4874	1
4978	3566	1
9888	6252	1
10062	2205	1
5468	4989	1
8311	1537	1
7814	4999	1
5000	1798	1
5001	372	1
5010	1764	1
5012	1113	1
5018	2237	1
5026	3344	1
5027	216	1
5031	3656	1
9949	5032	1
7506	5032	1
5035	1877	1
5038	720	1
5040	2362	1
8395	8038	1
5041	216	1
9252	5041	1
5044	68	1
5049	1951	1
5053	1537	1
5054	4974	1
7233	5921	1
5061	271	1
9425	3940	1
5065	3801	1
5069	283	1
5074	2309	1
5080	698	1
5081	1182	1
5088	104	1
5095	855	1
5104	287	1
5108	226	1
7830	5326	1
7383	5110	1
5111	2731	1
8537	5125	1
5132	1113	1
5138	216	1
5140	3406	1
5141	278	1
5142	669	1
5145	1280	1
5147	2730	1
8540	5147	1
5149	216	1
5158	855	1
6181	5161	1
5162	5161	1
5169	271	1
5170	3801	1
5175	1084	1
7719	5176	1
5179	855	1
5181	1486	1
5188	2533	1
5205	5189	1
6741	2474	1
5197	3344	1
5200	4152	1
8455	7390	1
7370	6801	1
5878	5200	1
5217	1798	1
5218	3100	1
9856	9160	1
5229	1486	1
5239	1571	1
5240	1983	1
9177	5242	1
5247	1537	1
5259	609	1
8639	8050	1
5278	4861	1
5279	533	1
5293	3455	1
5295	48	1
5302	720	1
5310	901	1
8606	5317	1
5319	1634	1
5328	723	1
9153	5330	1
5336	2635	1
9796	5346	1
5350	315	1
5365	723	1
5366	2690	1
5370	4563	1
5374	5166	1
5376	4636	1
7649	6336	1
6456	5377	1
5385	698	1
5389	213	1
5394	2670	1
5397	723	1
5398	2217	1
5769	3477	1
5402	4679	1
5405	2839	1
5409	4217	1
7530	7128	1
5420	3615	1
5414	2340	1
5416	4408	1
5419	48	1
5428	5238	1
5429	3078	1
5431	1182	1
5432	2309	1
5438	3940	1
5449	2635	1
5459	3078	1
5461	213	1
5485	3406	1
5499	3350	1
6356	5499	1
5509	325	1
5510	1537	1
5517	2309	1
5940	5522	1
5523	479	1
5525	1954	1
5529	3059	1
5537	3766	1
5538	698	1
5539	3373	1
5548	509	1
9060	5548	1
5554	3491	1
5557	1084	1
5560	3837	1
5566	3344	1
7252	5575	1
5578	3932	1
6767	3932	1
5580	2639	1
5581	3078	1
5584	5109	1
8874	5592	1
5596	4563	1
5602	271	1
5605	3477	1
5624	2205	1
5637	5258	1
5639	2222	1
5958	5639	1
7375	5641	1
8019	5641	1
5650	3406	1
5658	4324	1
6295	3561	1
7544	5660	1
5664	5024	1
7340	6799	1
8570	604	1
5674	1409	1
5686	283	1
5687	3656	1
5695	1182	1
5699	373	1
5702	1117	1
5703	1537	1
5705	1280	1
5708	226	1
5887	5864	1
5909	5708	1
5714	3656	1
6033	3561	1
5716	723	1
5730	1992	1
5731	2977	1
7423	6044	1
8487	6958	1
5742	4679	1
7651	6239	1
10131	9388	1
10130	5747	1
10129	5747	1
10128	9892	1
10133	10131	1
5750	5401	1
8383	5754	1
5765	3406	1
5771	3566	1
8660	213	1
5777	4563	1
7024	5777	1
9584	5779	1
5784	5052	1
5786	3750	1
5790	0	1
5794	4047	1
5796	21	1
5805	1366	1
6304	5810	1
5812	5238	1
5818	3750	1
5820	1195	1
5822	2338	1
5825	48	1
5827	2048	1
5832	1280	1
5837	1763	1
5853	68	1
5855	3078	1
5857	1537	1
5868	855	1
5877	2209	1
9523	6615	1
5890	901	1
5891	3344	1
5901	1182	1
5911	2288	1
5932	4577	1
8411	5937	1
5943	509	1
5945	4874	1
5951	216	1
9867	9033	1
5962	2205	1
6912	5972	1
5974	5369	1
5979	4823	1
5981	3940	1
5982	3344	1
5988	1651	1
8877	7800	1
5993	4437	1
5999	287	1
6002	3561	1
6005	2511	1
8631	7058	1
7058	6012	1
6022	4217	1
6025	3561	1
6036	493	1
9725	6036	1
6044	2205	1
6046	3477	1
6048	3020	1
6196	901	1
6198	5983	1
6049	325	1
6055	2309	1
6093	6063	1
6074	618	1
9781	6081	1
9090	3561	1
8652	7565	1
6092	2155	1
6095	287	1
6096	3940	1
7072	6097	1
6103	4356	1
6117	1645	1
6130	1113	1
6133	325	1
6141	5835	1
6901	1113	1
6154	1195	1
6157	1113	1
6162	1900	1
6164	202	1
6664	6165	1
6170	4305	1
6172	818	1
6179	5447	1
6180	1467	1
6183	1651	1
9768	6188	1
6201	2228	1
6202	3750	1
6203	3940	1
6207	271	1
6208	3353	1
6209	3561	1
6210	3561	1
8560	6211	1
6212	4874	1
6217	3100	1
6218	511	1
6232	855	1
6240	6190	1
9381	6242	1
6243	4507	1
6252	698	1
6260	1113	1
6267	2412	1
6268	1467	1
6278	1195	1
6358	6284	1
6286	2635	1
6289	3100	1
6294	298	1
9686	6301	1
6307	3100	1
6314	283	1
6323	1651	1
7741	6324	1
6326	2701	1
6334	3129	1
9962	6346	1
6348	362	1
6351	1992	1
9555	8587	1
6359	1537	1
6362	226	1
6365	2752	1
6892	6370	1
6373	3186	1
6374	1467	1
6376	4361	1
6377	618	1
6380	2825	1
6382	720	1
6385	2023	1
8328	6392	1
6393	1954	1
6411	6059	1
6423	2474	1
6434	68	1
6439	3319	1
7178	6441	1
6446	5921	1
6455	213	1
6463	68	1
6467	458	1
10076	6482	1
6484	1798	1
8749	6485	1
9851	6502	1
6511	1953	1
6519	3100	1
6523	5894	1
6530	3560	1
6532	1522	1
6534	3561	1
6537	1865	1
6542	6383	1
8999	6542	1
6543	509	1
6546	3507	1
6559	213	1
6562	68	1
6569	68	1
6574	5879	1
6575	1113	1
6578	253	1
6583	5485	1
7079	6583	1
6594	6583	1
6584	1798	1
6598	1182	1
6599	68	1
6602	1302	1
8887	7736	1
7738	6605	1
6607	3344	1
7657	6615	1
6624	362	1
6629	1651	1
6633	1651	1
6638	373	1
6645	1954	1
7240	6648	1
7248	6648	1
6655	213	1
6656	2637	1
6659	5166	1
6660	1113	1
6663	2707	1
6665	827	1
6676	1132	1
9352	6676	1
9322	1132	1
7063	6685	1
10050	6693	1
6693	5972	1
6694	5013	1
6702	618	1
6704	533	1
6705	4696	1
6714	6685	1
6797	6714	1
9714	6727	1
6732	6209	1
8122	1220	1
6747	271	1
6751	644	1
7988	4594	1
9930	6754	1
7623	7540	1
8996	5235	1
8036	6764	1
7119	6764	1
6770	1329	1
7180	6771	1
7409	6774	1
6775	1467	1
6783	6685	1
6788	618	1
6789	6685	1
6792	1113	1
6794	698	1
7655	6798	1
6807	6490	1
6812	68	1
6815	3940	1
7905	3940	1
6819	1654	1
6825	2980	1
6831	479	1
6832	3566	1
6833	4518	1
6847	2336	1
10059	2336	1
9939	2336	1
8085	2336	1
6861	68	1
6864	6033	1
6868	6867	1
6880	3627	1
6887	1084	1
6900	3940	1
6917	216	1
6920	5931	1
6923	2418	1
8848	6929	1
8597	1084	1
6935	196	1
6938	5803	1
9334	7849	1
6960	1564	1
6961	6829	1
6975	1900	1
6981	1486	1
6986	3940	1
7007	1493	1
7132	7011	1
7019	2612	1
10138	7030	1
7032	4143	1
7431	7032	1
7034	2309	1
7035	3940	1
7042	3566	1
7048	1195	1
9225	7053	1
9498	8631	1
8545	1954	1
9646	7404	1
7064	6685	1
7067	2261	1
10100	7540	1
7085	287	1
7098	6455	1
7107	1987	1
7113	2868	1
7120	3474	1
7123	901	1
7124	3940	1
7128	6694	1
7157	855	1
7169	3168	1
7539	7177	1
8169	7181	1
7182	246	1
7186	216	1
7187	2670	1
7189	1280	1
7198	509	1
7561	6064	1
7199	1486	1
7201	1651	1
7217	1280	1
7222	7097	1
7224	2635	1
7228	1195	1
7231	5803	1
7234	283	1
10074	3078	1
7243	3292	1
7799	1132	1
7261	1651	1
7264	3561	1
7267	6685	1
7275	5032	1
7290	3561	1
7292	5921	1
7299	2635	1
7306	3331	1
7323	1671	1
8679	1671	1
9583	7329	1
7332	618	1
7335	6799	1
7337	6304	1
7338	817	1
7349	222	1
8787	7352	1
7354	6527	1
10171	9970	1
7356	6258	1
8842	6258	1
8882	7364	1
8172	7364	1
7365	6762	1
7366	3100	1
7376	6821	1
7379	3043	1
9486	1954	1
7380	7058	1
7389	5005	1
8713	7540	1
7394	1280	1
8029	7397	1
7398	708	1
7417	479	1
7419	5719	1
7422	216	1
7425	2635	1
7433	5243	1
7442	2205	1
7451	6053	1
7746	7456	1
7458	5204	1
7459	325	1
7460	6311	1
7468	5005	1
7469	5076	1
7473	3186	1
7474	1859	1
7480	901	1
9122	7482	1
7493	2548	1
7497	1634	1
9395	7501	1
8105	7501	1
8993	4679	1
8013	7501	1
7519	6933	1
7522	5600	1
7526	315	1
9963	7528	1
9057	7537	1
7538	1651	1
7542	5773	1
9875	7555	1
7558	3940	1
10164	7559	1
9432	7559	1
7560	3561	1
7895	7565	1
10037	6091	1
7579	6091	1
9717	9694	1
9694	7579	1
7567	2468	1
7568	287	1
7575	4734	1
7582	7514	1
9066	7588	1
7595	6258	1
7599	855	1
7601	4768	1
7603	5005	1
7604	1651	1
8050	7676	1
7624	6916	1
7626	6634	1
8342	7634	1
7642	283	1
7646	2048	1
7654	373	1
7670	5704	1
7684	5866	1
7700	68	1
7704	1859	1
7712	1651	1
7715	213	1
7717	6258	1
7718	1182	1
7730	7540	1
7739	6527	1
9175	3750	1
7742	5921	1
7747	6821	1
7752	1960	1
7760	365	1
7763	1182	1
9685	7769	1
7776	3566	1
7784	1113	1
7786	3078	1
7791	6821	1
7796	2008	1
7801	7540	1
7804	1651	1
7810	7097	1
7811	1113	1
7813	6916	1
7815	6431	1
9761	7816	1
7822	5921	1
7825	3561	1
7826	6498	1
9111	7827	1
7835	468	1
7846	2476	1
9767	7849	1
9760	5803	1
10088	7849	1
7852	1182	1
7854	533	1
7857	6527	1
7858	2672	1
7861	3208	1
7866	7540	1
7878	6527	1
7903	1084	1
7904	2	1
8157	7909	1
8469	7356	1
7918	3561	1
7929	216	1
9794	7930	1
8038	7931	1
7932	7600	1
8549	7938	1
7939	2155	1
7940	3801	1
7947	6527	1
8612	7950	1
7955	3566	1
9121	3566	1
8565	7955	1
7966	7540	1
7969	970	1
7973	14	1
7974	1954	1
7986	2309	1
8781	7986	1
7990	325	1
9159	7995	1
8002	7995	1
9152	8005	1
8524	8005	1
9227	817	1
8008	2309	1
8012	644	1
8021	6527	1
8027	7999	1
8028	1113	1
8886	3656	1
8047	68	1
8048	4679	1
8904	8049	1
8051	379	1
8052	1013	1
8062	2548	1
8072	5398	1
8076	479	1
8099	7540	1
8103	1798	1
8104	1651	1
8119	493	1
8121	8095	1
8127	1954	1
9132	8132	1
8136	379	1
8145	7751	1
9076	8158	1
8168	2980	1
8712	8168	1
9218	9160	1
8192	8175	1
9063	8183	1
8185	7332	1
8198	1634	1
8199	6490	1
8205	1992	1
8210	216	1
8219	1220	1
8753	8228	1
10092	8231	1
10069	8231	1
8232	4827	1
8236	1859	1
8247	6527	1
9456	8255	1
9263	8255	1
9176	8255	1
8261	1954	1
9624	8261	1
10047	9729	1
8275	3241	1
8386	8277	1
8290	2572	1
8291	2548	1
8294	2980	1
10137	8297	1
8305	2203	1
8396	8316	1
8322	2548	1
8324	6799	1
8329	1859	1
8885	8330	1
8331	493	1
8355	1671	1
8361	1366	1
8364	2980	1
9591	8387	1
8390	1926	1
8403	6635	1
8405	5166	1
8408	3566	1
8414	4874	1
8440	6635	1
10003	8552	1
10006	10003	1
8450	1300	1
8467	226	1
10140	8483	1
8617	8484	1
8501	5803	1
8512	287	1
8514	8093	1
8516	817	1
9729	8527	1
8539	836	1
8550	6383	1
8558	5872	1
8567	5921	1
8579	8445	1
8588	1877	1
9359	8589	1
8602	4879	1
8607	216	1
8608	8445	1
8621	6584	1
8871	271	1
8625	287	1
8626	2425	1
9877	8636	1
8651	1954	1
8655	216	1
8657	325	1
8663	1651	1
9563	8666	1
8667	5586	1
9481	8674	1
8678	7540	1
8687	8684	1
8690	479	1
8695	5304	1
8701	7097	1
8734	3115	1
8736	7445	1
8748	8739	1
8823	8767	1
8767	8739	1
8751	2980	1
8757	1651	1
8758	68	1
8765	2980	1
8778	7640	1
8779	7540	1
8788	1954	1
8797	7501	1
8805	6141	1
8807	2048	1
8808	7818	1
8821	216	1
9984	9301	1
8831	5258	1
8835	6676	1
8841	720	1
8843	7999	1
8845	3078	1
9068	3078	1
8850	822	1
9969	8853	1
8854	7540	1
8856	68	1
8862	2205	1
8941	8862	1
8867	6685	1
8972	8869	1
9441	8869	1
8971	8869	1
8872	817	1
8876	763	1
8881	362	1
8884	325	1
9835	8889	1
8894	3723	1
8902	379	1
8905	2155	1
8910	5037	1
8911	7772	1
8913	1279	1
8922	2670	1
8928	48	1
8933	479	1
8937	1467	1
9989	9961	1
10015	9917	1
9661	8942	1
8946	7999	1
8958	3561	1
9654	8958	1
9396	8958	1
8975	1954	1
9558	2681	1
8980	1778	1
8985	435	1
9073	6242	1
10160	1634	1
9037	9036	1
9042	5005	1
9048	6695	1
9720	9232	1
9772	9064	1
9353	9068	1
9070	8136	1
9083	287	1
9089	7849	1
9096	2048	1
9120	9116	1
9124	625	1
9136	2980	1
9137	1651	1
9194	9141	1
9162	9033	1
9171	3940	1
9179	8261	1
9235	9180	1
9182	9181	1
9199	2155	1
9201	9200	1
9215	287	1
9223	867	1
9226	68	1
9232	9231	1
9233	698	1
9236	7746	1
9378	9300	1
9239	1467	1
9244	9230	1
9255	533	1
9258	3078	1
9271	4097	1
9273	287	1
9280	6383	1
9284	9033	1
9292	1143	1
9296	362	1
9648	9296	1
9300	2247	1
9301	9098	1
9786	9304	1
10085	9668	1
9306	8869	1
9308	9160	1
9309	2048	1
9310	7501	1
9312	7097	1
9313	202	1
9317	7849	1
9323	9243	1
9329	9109	1
9331	9243	1
9336	618	1
9338	6916	1
9341	9109	1
9358	6245	1
9362	1859	1
9365	5178	1
9374	1859	1
9377	7501	1
10159	10056	1
9894	9378	1
9384	7503	1
9389	671	1
9660	3561	1
9399	6084	1
9401	3669	1
9411	5419	1
9412	1279	1
9414	202	1
9419	6685	1
9472	1927	1
10188	9434	1
9435	1634	1
9446	2155	1
9453	7778	1
9462	216	1
9479	509	1
9484	7611	1
9489	7849	1
9493	6635	1
9503	6091	1
9833	9506	1
9509	9109	1
9521	216	1
9522	1954	1
9528	6527	1
9533	4679	1
9534	883	1
9537	533	1
9543	1859	1
9545	213	1
9703	8261	1
9571	213	1
9610	618	1
9616	720	1
9617	8232	1
9622	3942	1
9637	5258	1
9638	5258	1
9693	9648	1
9655	6896	1
9665	3078	1
9917	9667	1
9734	9678	1
9679	7269	1
9680	9481	1
9699	216	1
10028	9715	1
9716	9694	1
9723	1859	1
9726	6685	1
9756	2336	1
9757	216	1
9763	1859	1
9790	9787	1
9789	3078	1
9791	776	1
9792	8256	1
9795	9634	1
9799	1859	1
9803	213	1
9861	9804	1
9815	271	1
9818	9817	1
9820	9160	1
9821	2798	1
9832	216	1
9840	2533	1
9842	7238	1
9844	287	1
9845	1770	1
9846	325	1
10134	9851	1
9857	6154	1
10032	6154	1
9865	6799	1
9869	6799	1
9871	7640	1
9884	7849	1
10056	9894	1
9896	9109	1
9898	9892	1
9901	8208	1
10020	8208	1
9904	7591	1
9908	226	1
9913	9912	1
9910	9909	1
9919	9892	1
9956	9922	1
9928	7404	1
9929	1859	1
9937	8962	1
9975	9937	1
9938	9109	1
9948	1859	1
10048	1859	1
9950	7501	1
10176	723	1
9973	2731	1
9974	9917	1
9998	6502	1
10004	362	1
10009	9124	1
10010	1859	1
10013	2205	1
10021	10014	1
10022	10014	1
10019	10014	1
10017	10016	1
10036	855	1
10038	3897	1
10040	720	1
10042	1859	1
10046	3566	1
10091	2205	1
10060	9109	1
10066	1859	1
10070	6084	1
10075	2205	1
10079	1859	1
10094	287	1
10097	2980	1
10115	4745	1
10117	2205	1
10118	1859	1
10127	7999	1
10141	7800	1
10148	4925	1
10155	10151	1
10163	1537	1
10168	1845	1
10169	5238	1
10172	9109	1
10173	2155	1
10175	8659	1
10178	4874	1
10181	4874	1
