2323	4555	1
1868	4555	1
2896	4555	1
7405	4555	1
2575	4555	1
1745	1795	1
6651	1795	1
6999	1795	1
4627	1795	1
3769	1795	1
253	1795	1
5624	1795	1
6920	1795	1
3895	1795	1
231	1795	1
4057	1795	1
3857	1795	1
6558	1795	1
5261	1795	1
5815	1795	1
652	1795	1
3353	1795	1
344	1795	1
2019	1795	1
7389	1795	1
4012	1795	1
244	1795	1
5189	1565	1
3024	1565	1
4146	1565	1
4497	1565	1
6813	3505	1
7028	3505	1
7826	3505	1
2564	3505	1
4067	3505	1
1449	3505	1
6105	3505	1
1378	3505	1
379	3606	1
306	3606	1
4033	3606	1
2096	3606	1
1862	3606	1
1103	3606	1
1409	3606	1
7473	3606	1
7348	3606	1
2806	3606	1
2829	3606	1
3266	3606	1
4552	3606	1
2910	3606	1
2372	3606	1
1239	3606	1
6143	3606	1
6226	3606	1
2070	3606	1
3925	3606	1
7404	3606	1
5062	3606	1
280	3606	1
911	4080	1
860	4080	1
1961	4080	1
7072	4080	1
1738	4080	1
2412	4080	1
1776	4080	1
1755	2432	1
2284	2432	1
5217	2432	1
3376	2432	1
7497	2432	1
4585	2432	1
2730	3453	1
5215	3453	1
4168	3453	1
2025	3453	1
6111	3453	1
5131	3453	1
4058	3453	1
3898	3453	1
896	3453	1
4233	3453	1
3417	3453	1
5859	3453	1
3401	3453	1
4819	3453	1
752	4838	1
979	4838	1
3756	4838	1
2912	4838	1
784	4838	1
4470	4838	1
756	5820	1
2251	5820	1
96	5820	1
3604	5820	1
2268	5820	1
6981	5820	1
5711	5820	1
7336	5820	1
232	4696	1
243	4696	1
2695	4696	1
6244	4696	1
1713	4696	1
5606	4696	1
2519	4696	1
4141	4929	1
3811	4929	1
1132	4929	1
3124	4929	1
4576	4929	1
6422	7795	1
7045	7795	1
5962	7795	1
5867	7795	1
2595	4529	1
4206	4529	1
1082	4529	1
2991	4529	1
7507	4529	1
305	4529	1
2658	4529	1
5128	2289	1
6298	2289	1
4736	2289	1
718	2289	1
848	2289	1
7457	2289	1
5694	2289	1
7753	2289	1
1226	2289	1
168	2289	1
2945	2289	1
26	703	1
6588	703	1
346	703	1
4376	703	1
7774	703	1
7021	703	1
5911	703	1
2942	703	1
5610	703	1
2975	5477	1
4045	5477	1
4473	5477	1
2291	5477	1
1108	5477	1
3089	5477	1
4968	329	1
701	329	1
392	329	1
1941	329	1
3051	329	1
3544	329	1
5252	329	1
3418	329	1
1789	5776	1
4940	5776	1
7227	5776	1
5495	5776	1
7212	307	1
1498	307	1
4493	307	1
3734	307	1
2364	307	1
4445	307	1
407	307	1
3217	307	1
5729	307	1
3075	4089	1
3700	4089	1
5266	4089	1
2404	4089	1
6861	4089	1
1856	4089	1
799	4725	1
421	4725	1
3681	4725	1
6983	4725	1
4734	1959	1
4267	1959	1
6457	1959	1
454	1959	1
5769	1959	1
5602	1959	1
4247	3267	1
7391	3267	1
4006	3267	1
6769	3267	1
5873	3267	1
2114	3267	1
4157	3267	1
6345	3267	1
139	3267	1
7085	3267	1
6931	3267	1
4183	3267	1
5489	2897	1
5393	2897	1
4630	2897	1
2461	2897	1
3080	2897	1
7675	6574	1
3395	6574	1
1719	6574	1
618	1560	1
6009	1560	1
625	1560	1
6321	6627	1
983	6627	1
2531	6627	1
3474	6627	1
5963	6627	1
1107	6627	1
3230	2033	1
909	2033	1
4106	2033	1
7762	2033	1
2466	2033	1
3058	2033	1
4857	2033	1
29	2033	1
6216	2033	1
7319	5539	1
5405	5539	1
7734	5539	1
257	5539	1
984	5539	1
4702	5539	1
3477	5539	1
3986	5539	1
4336	5539	1
7370	5539	1
6156	5539	1
1775	5539	1
812	5539	1
3235	5539	1
2853	5539	1
6392	5539	1
2641	5539	1
1424	5539	1
33	5539	1
1971	5539	1
1504	5539	1
1371	5742	1
4690	5742	1
3126	5742	1
7861	5742	1
3672	5431	1
1480	5431	1
3599	5431	1
5297	5431	1
3200	5431	1
7292	5749	1
7871	5749	1
6442	5749	1
6594	5749	1
6615	5749	1
5526	5749	1
1085	5749	1
2680	5749	1
1981	5749	1
721	5749	1
5573	5749	1
4853	5749	1
3864	3682	1
844	3682	1
6991	3682	1
7270	3682	1
5795	3682	1
6424	3682	1
7380	5899	1
7790	5899	1
5566	5899	1
2295	5899	1
2462	3440	1
1913	3440	1
451	3440	1
4353	3440	1
5060	3440	1
3842	1373	1
1204	1373	1
6126	1373	1
56	1373	1
1972	1373	1
1656	6403	1
4551	6403	1
5908	6403	1
3750	6403	1
3314	6403	1
6938	6403	1
586	6403	1
3982	6403	1
1054	6403	1
699	6403	1
426	6528	1
7341	6528	1
3788	6528	1
4461	2053	1
6200	2053	1
6504	2053	1
7201	2053	1
2878	2053	1
7016	6696	1
1126	6696	1
4061	6696	1
1677	6696	1
6817	6696	1
3791	6696	1
5351	7309	1
3537	7309	1
213	7309	1
2939	7309	1
6797	7309	1
6003	7309	1
1905	2566	1
4118	2566	1
834	2566	1
6917	2566	1
2419	2566	1
4429	2566	1
1483	2566	1
602	2566	1
2190	3860	1
2369	3860	1
2846	3860	1
3984	3742	1
7261	3742	1
826	3742	1
3490	3742	1
5724	3742	1
5187	2344	1
5389	2344	1
275	2344	1
905	2344	1
2230	2344	1
4574	2344	1
4081	2344	1
6271	1466	1
7687	1466	1
3905	1466	1
3299	1466	1
2700	1507	1
6686	1507	1
309	1507	1
856	5599	1
4979	5599	1
2742	5599	1
128	4753	1
4392	4753	1
968	4753	1
2140	3804	1
7429	3804	1
7022	3804	1
6370	3804	1
3473	3804	1
5375	2706	1
4002	2706	1
5763	2706	1
3362	2786	1
2953	2786	1
3601	2786	1
1256	4167	1
4393	4167	1
7006	4167	1
5358	4167	1
3147	4167	1
1178	4167	1
2953	4167	1
823	4167	1
271	4167	1
2899	4167	1
6094	4167	1
975	4167	1
7799	4167	1
4775	1823	1
6408	1823	1
1882	1823	1
5089	1823	1
1372	1823	1
6128	7190	1
7180	7190	1
3228	7190	1
3912	7190	1
4550	5665	1
2962	5665	1
450	5665	1
4184	5665	1
2392	5665	1
3411	2087	1
3209	2087	1
535	2087	1
54	2087	1
498	2087	1
2297	2087	1
2090	7330	1
5775	7330	1
7496	7330	1
6969	7330	1
4874	7330	1
808	7330	1
3488	7330	1
5907	7330	1
3027	7330	1
3733	2029	1
7199	2029	1
7505	2029	1
2069	2029	1
4198	2029	1
2261	2029	1
6870	2029	1
4647	919	1
7451	919	1
1415	919	1
6799	7056	1
5273	7056	1
6913	7056	1
6332	7056	1
1805	7056	1
4912	7056	1
1099	7056	1
7708	7056	1
489	7056	1
1281	7056	1
1019	7056	1
5000	7056	1
2449	7056	1
6902	5179	1
1241	5179	1
5699	5179	1
5481	5179	1
2212	5179	1
2488	7195	1
6018	7195	1
7757	7195	1
1511	7195	1
5593	7195	1
2359	7195	1
497	92	1
3703	92	1
1245	92	1
2045	92	1
1595	92	1
1643	92	1
3249	92	1
7288	7591	1
4254	7591	1
7183	7591	1
3388	7591	1
4528	4143	1
5151	4143	1
5248	4143	1
7123	4143	1
2999	4143	1
6257	2309	1
3794	2309	1
98	2309	1
6052	2309	1
3884	2309	1
7515	2309	1
2628	2309	1
5926	3370	1
2	3370	1
3105	3370	1
5111	2835	1
6394	2835	1
3761	2835	1
5915	877	1
4395	877	1
1991	877	1
6250	1045	1
4214	1045	1
992	1045	1
4129	1045	1
5793	5950	1
5620	5950	1
3697	5950	1
2971	5950	1
6130	5950	1
5600	1930	1
5710	1930	1
7305	1930	1
1509	1930	1
795	6932	1
6040	6932	1
1364	6932	1
4496	6932	1
6232	6932	1
2543	7796	1
6622	7796	1
4958	7796	1
191	7796	1
4656	7796	1
1970	7796	1
1278	7796	1
3589	7796	1
3350	7796	1
1780	2556	1
5210	2556	1
5288	2556	1
7294	2556	1
3892	2556	1
1552	3686	1
7596	3686	1
6248	3686	1
5129	4474	1
836	4474	1
6682	4474	1
6460	4474	1
2116	4474	1
5198	4474	1
5651	4474	1
6127	2924	1
2542	2924	1
5728	2924	1
5900	2924	1
1995	2924	1
4105	7295	1
412	7295	1
6878	7295	1
665	548	1
6118	548	1
7247	548	1
1102	548	1
3349	548	1
3531	5425	1
5957	5425	1
5530	5425	1
2781	5425	1
1609	5388	1
2774	5388	1
1188	5388	1
1347	5388	1
1374	5388	1
6043	5388	1
3471	5388	1
5528	5388	1
1210	5388	1
2901	5388	1
1014	5388	1
582	5388	1
7766	5811	1
6946	5811	1
409	5811	1
3476	5811	1
5456	5811	1
3199	5811	1
5244	5164	1
5790	5164	1
2453	5164	1
5240	5164	1
4139	5164	1
216	7318	1
5174	7318	1
4976	7318	1
2386	508	1
1770	508	1
2333	508	1
6402	508	1
4124	508	1
5470	508	1
1177	5134	1
6290	5134	1
100	5134	1
1582	5134	1
1477	5134	1
7356	5134	1
2216	5134	1
3351	4549	1
509	4549	1
1197	4549	1
4858	4549	1
1623	3958	1
7411	3958	1
6490	3958	1
283	7119	1
6190	7119	1
7163	7119	1
709	7119	1
1724	1379	1
7754	1379	1
4723	1379	1
1785	1379	1
5944	1379	1
5885	1379	1
3248	1379	1
2701	1379	1
3535	3899	1
5175	3899	1
6031	3899	1
1437	3899	1
2123	4259	1
3056	4259	1
3641	4259	1
4046	4259	1
3751	1101	1
1299	1101	1
4469	1101	1
1636	1101	1
598	1101	1
884	3762	1
3509	3762	1
6387	3762	1
3421	6011	1
5423	6011	1
5494	6011	1
2167	2978	1
3224	2978	1
2108	2978	1
4419	2978	1
1772	3309	1
258	3309	1
5799	3309	1
3366	184	1
1115	184	1
3570	184	1
3924	184	1
5013	7218	1
6904	7218	1
4272	7218	1
3998	7218	1
5652	7218	1
3246	7218	1
4530	7218	1
3123	2147	1
4119	2147	1
6416	2147	1
5507	5006	1
1369	5006	1
7502	5006	1
750	5006	1
6559	5006	1
6530	4262	1
3493	4262	1
281	4262	1
1682	4262	1
7512	4262	1
439	7617	1
4837	7617	1
4824	7617	1
7643	7617	1
5817	7617	1
6895	7617	1
1744	7617	1
1803	5360	1
5150	5360	1
5809	5360	1
1243	5360	1
3131	129	1
7503	129	1
641	129	1
4098	129	1
4021	129	1
3849	1402	1
1044	1402	1
3030	1402	1
4051	1402	1
5881	1402	1
3901	1402	1
1427	1402	1
2398	1402	1
924	1402	1
4714	1402	1
5109	1402	1
2572	764	1
1644	764	1
6406	764	1
1382	764	1
3111	764	1
1118	764	1
1303	3202	1
570	3202	1
6338	3202	1
3259	3202	1
5262	3202	1
7245	3202	1
4501	3202	1
5913	3202	1
3212	3202	1
815	1681	1
2755	1681	1
2994	1681	1
3450	4911	1
4220	4911	1
1794	4911	1
5188	4911	1
2635	4911	1
22	4911	1
774	6684	1
5380	6684	1
2288	6684	1
6802	6684	1
7444	9	1
2718	9	1
4909	9	1
5841	9	1
5746	9	1
995	9	1
6626	9	1
5725	636	1
4977	636	1
6420	636	1
4436	636	1
7837	5263	1
6463	5263	1
2030	5263	1
2550	5263	1
3378	5263	1
5723	3996	1
57	3996	1
5043	3996	1
3965	3996	1
297	480	1
4463	480	1
2932	480	1
1849	480	1
829	480	1
6203	480	1
209	480	1
1413	480	1
2906	480	1
2751	4640	1
2313	4640	1
6724	4640	1
4965	3851	1
3934	3851	1
1458	3851	1
5716	3851	1
4199	3851	1
6195	3851	1
4022	5451	1
5181	5451	1
5480	5451	1
2673	4234	1
5073	4234	1
1189	4234	1
761	4234	1
3361	4234	1
2119	4234	1
148	6377	1
221	6377	1
7265	6377	1
5236	2535	1
1499	2535	1
7867	2535	1
1406	2535	1
4896	2535	1
1508	2535	1
5330	1394	1
5154	1394	1
6486	1394	1
6928	6762	1
6227	6762	1
6161	6762	1
6303	6762	1
4142	4778	1
5053	4778	1
6962	4778	1
996	4778	1
5705	4778	1
2526	4778	1
2809	4778	1
4784	4778	1
5567	4778	1
7208	4778	1
2798	6033	1
5541	6033	1
6926	6033	1
3902	6033	1
7266	1791	1
3529	1791	1
3709	1791	1
1889	1791	1
7204	1791	1
7161	5966	1
4318	5966	1
4332	5966	1
5132	5966	1
5446	5966	1
1871	2031	1
4130	2031	1
3564	2031	1
5323	2031	1
4664	2031	1
1800	6004	1
6503	6004	1
2186	6004	1
2693	6004	1
4614	6004	1
4284	6004	1
726	6004	1
2144	7728	1
7812	7728	1
3519	7728	1
1135	7728	1
1200	6376	1
3799	6376	1
7214	6376	1
1179	6376	1
6066	6376	1
2764	3738	1
6363	3738	1
3987	3738	1
2765	3738	1
6607	3738	1
4927	918	1
7192	918	1
6812	918	1
2310	918	1
4950	918	1
2618	7724	1
6967	7724	1
7554	7724	1
3093	7522	1
7051	7522	1
4374	7522	1
5345	1441	1
1960	1441	1
7369	1441	1
7173	3285	1
3919	3285	1
833	3285	1
2439	3285	1
6215	3285	1
233	3285	1
6378	4077	1
6269	4077	1
2420	4077	1
6480	4077	1
146	2174	1
4418	2174	1
1989	2174	1
6543	2174	1
4683	6844	1
5218	6844	1
4703	6844	1
4730	1518	1
4876	1518	1
3017	1518	1
6961	2306	1
4222	2306	1
6860	2306	1
5468	2306	1
522	2306	1
2308	2306	1
3491	2306	1
657	2306	1
2761	2306	1
3802	2306	1
1240	5512	1
224	5512	1
7456	5512	1
6789	5704	1
4007	5704	1
4626	5704	1
5015	7865	1
7697	7865	1
3781	7865	1
4296	7865	1
5964	7865	1
5271	7865	1
2303	7865	1
3104	7865	1
1211	3628	1
6509	3628	1
7147	3628	1
3508	3628	1
7536	1811	1
4763	1811	1
947	1811	1
4411	1811	1
4324	1811	1
5216	1811	1
5018	1811	1
6874	1811	1
7784	1811	1
1051	245	1
2581	245	1
2435	245	1
3916	1673	1
3204	1673	1
3087	1673	1
4862	1673	1
3062	1673	1
6815	1673	1
780	1647	1
3279	1647	1
6162	1647	1
4972	1647	1
1255	1647	1
4268	1647	1
6569	1647	1
1839	1647	1
7553	6110	1
1832	6110	1
4250	6110	1
6301	6110	1
3847	6110	1
7106	6110	1
4073	6110	1
398	6110	1
3484	6110	1
1331	6110	1
3687	6427	1
3629	6427	1
6233	6427	1
5781	6427	1
630	6427	1
6212	6427	1
1786	6427	1
1482	5406	1
7033	5406	1
5391	5406	1
3340	2727	1
3275	2727	1
3103	2727	1
5798	2727	1
982	2727	1
3778	2727	1
807	2727	1
3800	464	1
5501	464	1
3298	464	1
4379	1180	1
3872	1180	1
6289	1180	1
1726	4629	1
5998	4629	1
2922	4629	1
4175	4629	1
2011	2474	1
660	2474	1
2655	2474	1
4677	3130	1
2046	3130	1
2937	3130	1
1545	3130	1
948	3130	1
7108	3130	1
5792	3130	1
1122	3130	1
6864	4390	1
3045	4390	1
2150	4390	1
7440	4390	1
6515	4390	1
5999	4390	1
7312	4390	1
2482	4390	1
7781	3572	1
4608	3572	1
5663	3572	1
4357	3572	1
4111	3572	1
2409	3572	1
2783	3572	1
2968	3572	1
163	4843	1
4987	4843	1
5231	4843	1
4512	4843	1
5762	3355	1
109	3355	1
2092	3355	1
273	3355	1
7839	6773	1
5810	6773	1
3227	6773	1
7606	6773	1
5444	6773	1
7233	1266	1
5875	1266	1
5088	1266	1
7838	1453	1
4359	1453	1
6263	1453	1
5034	1453	1
5508	1453	1
5312	1059	1
4170	1059	1
5137	1059	1
3190	1059	1
6042	5394	1
3168	5394	1
5603	5394	1
2903	6305	1
2311	6305	1
2274	6305	1
7126	6305	1
5786	6305	1
731	4498	1
746	4498	1
2328	4498	1
7835	4498	1
4678	6342	1
7589	6342	1
2113	6342	1
4342	6342	1
2091	6342	1
579	6342	1
4560	6342	1
7256	4492	1
4244	4492	1
1352	4492	1
4444	4492	1
3253	4492	1
1313	4492	1
1007	4492	1
4519	4492	1
430	4492	1
5042	4492	1
5397	4492	1
6982	1346	1
3755	1346	1
7531	1346	1
2067	7079	1
4731	7079	1
4426	7079	1
6357	7079	1
318	5935	1
5278	5935	1
6273	5935	1
6272	5935	1
1037	3113	1
6707	3113	1
3153	3113	1
4084	3113	1
6971	3113	1
5823	3113	1
3205	3113	1
4048	7634	1
3390	7634	1
1877	7634	1
1641	7634	1
6237	138	1
60	138	1
5656	138	1
5341	138	1
4221	138	1
4113	138	1
1358	7552	1
2871	7552	1
2511	7552	1
505	7552	1
7654	7552	1
3542	7552	1
988	7552	1
3664	7552	1
5510	7552	1
675	7552	1
5673	7552	1
4239	6432	1
5286	6432	1
211	6432	1
2801	6432	1
1958	6432	1
50	6432	1
116	6432	1
3692	320	1
6389	320	1
6936	320	1
7699	320	1
16	320	1
7328	1033	1
304	1033	1
4543	1033	1
2417	1033	1
6834	1033	1
149	6730	1
4369	6730	1
2731	6730	1
5257	6730	1
5857	6730	1
3632	6730	1
2481	6730	1
2982	6484	1
1271	6484	1
1173	6484	1
432	2849	1
2388	2849	1
4270	2849	1
3469	68	1
1704	68	1
3090	68	1
1957	68	1
6748	68	1
1467	6352	1
4251	6352	1
6851	6352	1
6753	6352	1
7043	6352	1
5040	6352	1
6452	6352	1
3748	1895	1
5933	1895	1
1881	1895	1
6746	3773	1
7148	3773	1
7281	3773	1
6058	7686	1
471	7686	1
7667	7686	1
3920	7686	1
6591	6426	1
4833	6426	1
5607	6426	1
6747	6426	1
4043	63	1
6867	63	1
3576	63	1
897	1053	1
2672	1053	1
7808	1053	1
4354	4755	1
3583	4755	1
3169	4755	1
2640	4755	1
4261	4755	1
1771	4755	1
1320	4755	1
1821	4755	1
7169	4755	1
1095	7846	1
7315	7846	1
6907	7846	1
130	7846	1
2692	7846	1
7156	7846	1
5453	7846	1
6279	7846	1
2463	2940	1
1026	2940	1
6015	2940	1
6032	7403	1
7807	7403	1
5819	7403	1
7228	7403	1
4663	7403	1
43	7403	1
1542	4531	1
6440	4531	1
1116	4531	1
5553	4531	1
4372	2484	1
5511	2484	1
2819	2484	1
84	2484	1
2659	3639	1
4886	3639	1
6	3639	1
747	3639	1
4748	3639	1
2624	3639	1
4127	6657	1
6848	6657	1
6565	6657	1
587	6657	1
5247	2076	1
1492	2076	1
401	2076	1
4727	2076	1
4992	7029	1
7542	7029	1
1396	7029	1
5493	5905	1
2821	5905	1
6847	5905	1
2242	7136	1
455	7136	1
2159	7136	1
1863	7030	1
2728	7030	1
4503	7030	1
7216	7030	1
4575	7030	1
2299	7030	1
5612	7030	1
3630	7030	1
3503	7870	1
3009	7870	1
6556	7870	1
1523	7870	1
2935	5797	1
889	5797	1
1572	5797	1
6048	5797	1
5513	5797	1
4399	4147	1
1274	4147	1
3291	4147	1
7302	1534	1
2754	1534	1
4120	1534	1
5387	1534	1
7680	1534	1
1664	1534	1
7519	6210	1
4812	6210	1
4462	6210	1
3746	6210	1
6674	6210	1
7220	6210	1
5333	6210	1
7346	6210	1
6941	5824	1
7433	5824	1
2651	5824	1
2139	5824	1
3619	5824	1
1671	5116	1
7479	5116	1
5750	5116	1
5712	4348	1
2017	4348	1
3347	4348	1
648	4348	1
2277	4348	1
7751	4348	1
4652	4348	1
1828	4348	1
3631	2332	1
1894	2332	1
2928	2332	1
7779	4793	1
4564	4793	1
3129	4793	1
1042	4793	1
2056	7110	1
192	7110	1
5898	7110	1
1694	7110	1
7040	7110	1
6390	7110	1
3287	7314	1
2735	7314	1
1342	7314	1
5177	7314	1
4563	7314	1
2073	7314	1
2858	7314	1
6175	7343	1
853	7343	1
5184	7343	1
6485	7343	1
4738	7343	1
7453	1630	1
950	1630	1
2023	1630	1
1520	7019	1
1302	7019	1
4122	7019	1
5208	459	1
5609	459	1
1926	459	1
5683	459	1
3573	4355	1
1057	4355	1
4443	4355	1
7393	4355	1
6275	940	1
1743	940	1
5585	940	1
7445	940	1
1034	940	1
572	940	1
2813	940	1
2934	685	1
4163	685	1
1487	685	1
3047	685	1
6372	685	1
6806	6749	1
6940	6749	1
4684	6749	1
1799	2177	1
6826	2177	1
4371	2177	1
5213	4844	1
2381	4844	1
2883	4844	1
5572	4844	1
1759	5868	1
4597	5868	1
6537	5868	1
2345	6348	1
574	6348	1
4485	6348	1
4024	6757	1
7859	6757	1
80	6757	1
88	6757	1
1028	4781	1
5949	4781	1
550	4781	1
6435	4781	1
7150	4781	1
6666	4781	1
3855	4781	1
7137	2107	1
487	2107	1
619	2107	1
7373	493	1
4486	493	1
2032	493	1
1484	1335	1
6336	1335	1
1693	1335	1
719	1335	1
3233	2442	1
760	2442	1
1340	2442	1
1815	2442	1
1285	2442	1
4378	2442	1
1385	2900	1
706	2900	1
7415	2900	1
7646	2900	1
4148	2900	1
7262	3364	1
4645	3364	1
5075	3364	1
7337	3364	1
2757	1631	1
7633	1631	1
4368	1631	1
1617	6089	1
6635	6089	1
4797	6089	1
7335	6100	1
510	6100	1
5486	6100	1
7597	5160	1
2401	5160	1
6600	5160	1
2591	693	1
5884	693	1
4397	693	1
193	910	1
6993	910	1
4340	910	1
3426	910	1
6639	910	1
6648	708	1
6254	708	1
4840	708	1
5426	8	1
1174	8	1
1645	8	1
6690	8	1
5901	8	1
5703	8	1
3923	8	1
2418	3128	1
5733	3128	1
4742	3128	1
6218	5159	1
140	5159	1
7833	5159	1
7124	5159	1
6655	5159	1
4215	4479	1
4681	4479	1
2170	4479	1
4898	7850	1
1980	7850	1
2769	7850	1
935	3657	1
2256	3657	1
6093	3657	1
4740	1933	1
6590	1933	1
4666	1933	1
71	4274	1
5249	4274	1
842	4274	1
7285	5339	1
5277	5339	1
7523	5339	1
1459	2020	1
1690	2020	1
6617	2020	1
2756	6956	1
7538	6956	1
583	6956	1
3786	4861	1
7594	4861	1
5328	4861	1
7296	77	1
3550	77	1
6104	77	1
296	77	1
7720	77	1
5514	2219	1
6871	2219	1
3263	2219	1
906	6717	1
427	6717	1
4161	6717	1
495	502	1
5534	502	1
2817	502	1
460	3729	1
5772	3729	1
144	3729	1
4314	3729	1
1316	3729	1
208	3729	1
3242	3313	1
5640	3313	1
3936	3313	1
3758	3092	1
1043	3092	1
4333	3092	1
3795	3092	1
5371	3092	1
5840	3092	1
161	3092	1
3818	3092	1
6487	3092	1
5594	569	1
1655	569	1
7282	569	1
2342	569	1
5126	6548	1
4651	6548	1
7532	6548	1
4295	6548	1
4428	6548	1
2183	4642	1
377	4642	1
5860	4642	1
4571	6036	1
4956	6036	1
2629	6036	1
5753	6036	1
5083	6036	1
266	6036	1
6009	277	1
3536	277	1
7806	277	1
4377	2609	1
7447	2609	1
1047	2609	1
3494	2609	1
7165	2609	1
3268	2609	1
6800	2609	1
4092	2609	1
664	342	1
4465	342	1
1148	342	1
2221	342	1
821	342	1
7152	342	1
7067	342	1
857	7181	1
3514	7181	1
1056	7181	1
6196	5736	1
4759	5736	1
6351	5736	1
1186	5736	1
5463	5736	1
5897	79	1
6944	79	1
199	79	1
3191	79	1
2224	79	1
6308	79	1
3225	79	1
6798	79	1
6632	79	1
683	5569	1
1968	5569	1
1675	5569	1
64	5569	1
7739	5569	1
5831	5569	1
671	7278	1
4688	7278	1
7344	7278	1
5575	7278	1
753	7278	1
2725	7278	1
1554	7278	1
4885	545	1
5117	545	1
588	545	1
4694	545	1
5636	4100	1
7854	4100	1
1334	4100	1
2232	363	1
1435	363	1
4516	363	1
804	363	1
3569	363	1
5209	3608	1
1002	3608	1
7740	3608	1
2793	355	1
3680	355	1
6157	355	1
5381	371	1
5734	371	1
5783	371	1
855	371	1
1883	371	1
575	1139	1
5118	1139	1
4682	1139	1
2206	1139	1
5038	1139	1
2926	2966	1
4594	2966	1
7529	2966	1
3121	5871	1
6508	5871	1
5022	5871	1
6469	5871	1
6425	5871	1
3439	7094	1
6628	7094	1
5359	7094	1
1536	7094	1
1537	7094	1
7647	7094	1
2744	5879	1
3054	5879	1
845	5879	1
3908	781	1
6846	781	1
4691	781	1
3405	781	1
3434	781	1
3485	781	1
5070	403	1
177	403	1
3142	403	1
6990	403	1
5081	403	1
6109	403	1
6681	403	1
2330	4464	1
7721	4464	1
3558	4464	1
3330	4464	1
5100	4464	1
4191	4464	1
5737	6186	1
3498	6186	1
722	6186	1
302	6186	1
2234	6186	1
7506	6186	1
201	4634	1
3626	4634	1
2015	4634	1
2233	1164	1
733	1164	1
1892	1164	1
3704	1164	1
2637	1164	1
6646	1164	1
3658	1164	1
499	1164	1
7797	1133	1
155	1133	1
662	1133	1
386	4346	1
6246	4346	1
446	4346	1
7120	4346	1
1575	4346	1
1796	4323	1
6766	4323	1
5605	4323	1
4276	4323	1
2355	6699	1
3517	6699	1
852	6699	1
260	6699	1
1048	6699	1
6689	6699	1
1526	6699	1
6119	6699	1
7076	256	1
5268	256	1
4860	256	1
1150	256	1
3015	4970	1
2009	4970	1
3195	4970	1
36	4970	1
7752	4970	1
7587	3814	1
97	3814	1
7737	3814	1
4889	3496	1
6581	3496	1
4343	3496	1
6047	1008	1
2285	1008	1
2816	1008	1
6756	1008	1
4292	2243	1
5580	2243	1
319	2243	1
5773	2243	1
7474	2004	1
1921	2004	1
1184	2004	1
7673	2004	1
5229	2004	1
1407	2004	1
3853	2004	1
3638	2004	1
1829	2004	1
5462	2004	1
4709	7347	1
131	7347	1
4452	7347	1
6431	7347	1
483	1910	1
4712	1910	1
5847	1910	1
3463	1910	1
2441	1910	1
6002	4994	1
1570	4994	1
2421	4994	1
3571	4994	1
5194	4994	1
2686	4994	1
2137	4994	1
4650	2778	1
2996	2778	1
6705	2778	1
3949	3302	1
5395	3302	1
5891	3302	1
7057	3302	1
4790	3302	1
1181	7783	1
3719	7783	1
4776	7783	1
3511	7783	1
3500	7783	1
7249	5562	1
1365	5562	1
5887	5562	1
5384	6140	1
5019	6140	1
7526	6140	1
6014	6140	1
3785	6140	1
6630	6140	1
4160	3910	1
5850	3910	1
4904	3910	1
7069	3910	1
1049	3716	1
7853	3716	1
1191	3716	1
1999	1858	1
3447	1858	1
6914	1858	1
6598	1858	1
7855	5888	1
6779	5888	1
4978	5888	1
1543	5888	1
7583	5888	1
1456	5888	1
6934	2743	1
4609	2743	1
7521	2743	1
1474	2743	1
7627	1840	1
5990	1840	1
147	1840	1
3480	3624	1
4358	3624	1
2758	3624	1
7484	3624	1
4177	2497	1
6903	2497	1
5973	2497	1
7604	2497	1
2095	1872	1
6727	1872	1
197	1872	1
6836	1872	1
7279	6572	1
5139	6572	1
3665	6572	1
2955	6572	1
1093	6572	1
885	5969	1
1198	5969	1
5447	5969	1
108	4054	1
387	4054	1
2469	4054	1
1065	4054	1
961	4054	1
4943	4054	1
5727	4054	1
515	4054	1
7845	4522	1
6854	4522	1
680	4522	1
7202	2766	1
5284	2766	1
7379	2766	1
198	555	1
1222	555	1
7632	555	1
101	2172	1
4794	2172	1
3807	2172	1
6997	2172	1
5752	2172	1
2360	2172	1
7316	2172	1
741	1757	1
865	1757	1
6516	1757	1
2427	7378	1
1604	7378	1
3707	7378	1
3726	7378	1
3863	7378	1
3040	7378	1
4829	7378	1
2895	7378	1
187	4518	1
6260	4518	1
2855	4518	1
3993	2472	1
6587	2472	1
3107	2472	1
2505	1247	1
4806	1247	1
2569	1247	1
5222	5163	1
3499	5163	1
4237	5163	1
839	5163	1
449	1436	1
3369	1436	1
6049	1436	1
5829	1436	1
1816	1436	1
1830	917	1
3178	917	1
6929	917	1
293	763	1
4099	763	1
1376	763	1
6291	763	1
4689	2792	1
5714	2792	1
3844	2792	1
6287	2792	1
920	2792	1
7331	3689	1
441	3689	1
7466	3689	1
5745	3689	1
3600	3094	1
2622	3094	1
2447	3094	1
7768	3094	1
4004	17	1
1900	17	1
6897	17	1
4951	720	1
4701	720	1
2405	720	1
960	5866	1
1481	5866	1
4059	5866	1
6256	5866	1
395	5161	1
7003	5161	1
1767	5161	1
6781	5424	1
1084	5424	1
7426	5424	1
2515	5424	1
6959	6343	1
1190	6343	1
775	6343	1
7735	6343	1
1318	6343	1
6139	5076	1
3297	5076	1
2919	5076	1
5537	2834	1
5321	2834	1
7179	2834	1
1332	5740	1
3561	5740	1
1248	5740	1
2111	5740	1
3386	938	1
6918	938	1
5559	938	1
2602	3260	1
6909	3260	1
7625	3260	1
743	2006	1
5056	2006	1
1951	2006	1
3184	247	1
3521	247	1
6074	247	1
1969	247	1
2841	5657	1
5482	5657	1
6131	5657	1
339	5235	1
1761	5235	1
7422	5235	1
3151	5235	1
5996	5235	1
2151	5001	1
2964	5001	1
7158	5001	1
635	1779	1
3192	1779	1
7114	1779	1
3325	2202	1
4923	2202	1
6449	2202	1
1312	4589	1
4879	4589	1
7488	4589	1
4360	4589	1
2458	4868	1
4700	4868	1
7550	4868	1
4242	1401	1
2915	1401	1
3913	1401	1
5269	1401	1
7355	1401	1
6592	1401	1
2244	2181	1
6362	2181	1
5994	2181	1
1740	2181	1
5066	2181	1
3025	2181	1
7420	2181	1
4	2181	1
6685	2181	1
2876	2181	1
3283	1465	1
5777	1465	1
3483	1465	1
6371	1465	1
70	2553	1
1495	2553	1
4144	2553	1
697	2553	1
239	2553	1
3403	2553	1
1301	2553	1
1561	2553	1
543	2553	1
7701	5561	1
5707	5561	1
2298	5561	1
2969	551	1
4646	551	1
4789	551	1
2979	551	1
1874	5224	1
5465	5224	1
5176	5224	1
4310	6329	1
7716	6329	1
5295	6329	1
6551	6329	1
3834	6329	1
5812	6329	1
6857	6335	1
740	6335	1
2143	6335	1
1638	6335	1
410	6335	1
7611	6335	1
7131	6335	1
7018	6335	1
2773	6335	1
6722	3774	1
1649	3774	1
2599	3774	1
2810	5759	1
2877	5759	1
6150	5759	1
7088	5759	1
6620	5759	1
1412	3798	1
1952	3798	1
647	3798	1
3358	3478	1
1092	3478	1
3356	3478	1
1697	3478	1
3513	4834	1
7082	4834	1
755	4834	1
3545	4834	1
5400	4834	1
3822	4834	1
5146	4834	1
5787	4834	1
7001	4834	1
5064	3797	1
2254	3797	1
7397	3797	1
591	3797	1
3167	4229	1
1568	4229	1
2382	4229	1
3244	4229	1
2794	4229	1
2668	4229	1
3226	4229	1
7730	4229	1
3393	4229	1
5838	6327	1
1513	6327	1
5521	6327	1
5886	2784	1
4568	2784	1
3486	2784	1
2373	2784	1
7164	4052	1
6347	4052	1
469	4052	1
6413	4052	1
3875	4052	1
2044	3607	1
7140	3607	1
4674	3607	1
3086	3607	1
2643	3607	1
1040	3607	1
5457	4941	1
612	4941	1
6182	4941	1
4595	4675	1
6013	4675	1
1104	4675	1
3342	4675	1
963	4675	1
682	4675	1
2679	4675	1
6005	4675	1
640	4675	1
3206	3406	1
1462	3406	1
4301	3406	1
7458	5611	1
4060	5611	1
673	5611	1
7495	5531	1
3646	5531	1
4782	5531	1
4219	5531	1
2676	5558	1
476	5558	1
2371	5558	1
7747	5558	1
442	5558	1
1591	5558	1
2510	5558	1
6277	5558	1
6080	5558	1
3878	5558	1
5800	3610	1
434	3610	1
4187	3610	1
1430	1005	1
1527	1005	1
7310	1005	1
3429	7093	1
3563	7093	1
818	7093	1
2605	7658	1
2908	7658	1
1949	7658	1
4005	7658	1
2875	7658	1
6482	4117	1
424	4117	1
4316	4117	1
2691	3730	1
621	3730	1
4153	3730	1
6988	3730	1
603	3730	1
3078	3730	1
6636	3730	1
2745	4365	1
2507	4365	1
7351	4365	1
6221	3157	1
6380	3157	1
3935	3157	1
1978	3157	1
3782	4569	1
6512	4569	1
5166	4569	1
717	4569	1
3097	1502	1
5428	1502	1
2341	1502	1
1067	1502	1
3793	1502	1
581	1502	1
2642	1502	1
6856	7560	1
5430	7560	1
2185	7560	1
6710	7560	1
1774	7560	1
3852	1578	1
4705	1578	1
1018	1578	1
12	1578	1
2704	1578	1
4410	1578	1
81	6957	1
2688	6957	1
3968	6957	1
4813	6957	1
5522	2455	1
1293	2455	1
374	2455	1
3329	7656	1
4433	7656	1
1153	7656	1
1323	7656	1
4435	7656	1
1984	7656	1
6673	7656	1
6073	6309	1
3189	6309	1
5893	6309	1
3391	6309	1
526	6309	1
3532	6309	1
3850	6309	1
313	6309	1
868	6309	1
7277	7822	1
4973	7822	1
4404	7822	1
7715	7822	1
5618	6179	1
3909	6179	1
951	6179	1
4373	6179	1
4514	6310	1
5661	6310	1
1867	6310	1
1825	7711	1
5902	7711	1
4322	7711	1
5205	5645	1
7098	5645	1
2470	5645	1
117	944	1
4532	944	1
6054	944	1
3667	944	1
419	6172	1
1707	6172	1
2065	6172	1
6443	6172	1
3185	6172	1
3013	6172	1
461	6692	1
7648	6692	1
295	6692	1
1884	2503	1
7866	2503	1
7649	2503	1
1196	2503	1
3946	6283	1
5502	6283	1
7576	6283	1
5730	6283	1
1476	7610	1
970	7610	1
132	7610	1
472	7610	1
2396	2385	1
4895	2385	1
2225	2385	1
3595	2385	1
2920	801	1
5648	801	1
3594	801	1
3669	801	1
1567	801	1
3776	801	1
6441	801	1
4190	7600	1
2577	7600	1
2054	7600	1
6649	7600	1
4800	7600	1
2956	7600	1
3306	7600	1
2625	1232	1
1246	1232	1
5014	1232	1
1986	3824	1
4038	3824	1
1089	3824	1
2880	3824	1
1075	4495	1
6596	4495	1
2762	4495	1
1834	4495	1
215	4495	1
1936	1031	1
3371	1031	1
5677	1031	1
5923	1031	1
5948	1031	1
6561	4216	1
7061	4216	1
3303	4216	1
7710	2598	1
2213	2598	1
1869	2598	1
6654	353	1
6418	353	1
4306	353	1
6850	2475	1
5429	2475	1
279	2475	1
159	2475	1
3621	1405	1
2264	1405	1
4487	1405	1
7185	3582	1
249	3582	1
3166	3582	1
3475	2611	1
4277	2611	1
4741	2611	1
5122	1777	1
7086	1777	1
404	1777	1
5270	1777	1
6675	5172	1
7243	5172	1
2145	5172	1
6206	5172	1
2241	5172	1
1607	3338	1
259	3338	1
3021	3338	1
3985	3338	1
1081	3338	1
7428	1023	1
330	1023	1
6996	1023	1
7187	4149	1
4764	4149	1
1489	4149	1
3543	7320	1
1752	7320	1
724	7320	1
4584	384	1
639	384	1
2222	384	1
5691	1136	1
37	1136	1
180	1136	1
2712	1136	1
4658	6889	1
7432	6889	1
3311	6889	1
4984	7805	1
1450	7805	1
1328	7805	1
6539	7381	1
7424	7381	1
7372	7381	1
475	7381	1
5232	7381	1
922	7471	1
7273	7471	1
6577	7471	1
1283	7471	1
7569	7471	1
3727	7471	1
4102	7471	1
1906	7471	1
3813	654	1
2220	654	1
7398	654	1
2109	654	1
7577	5709	1
4335	5709	1
3868	5709	1
2320	7334	1
7063	7334	1
496	7334	1
5889	7062	1
3846	7062	1
5903	7062	1
1603	7062	1
362	2995	1
638	2995	1
7168	2995	1
2349	2995	1
6664	2995	1
3611	18	1
6253	18	1
5290	18	1
1277	18	1
1113	4955	1
5432	4955	1
4001	4955	1
1182	4955	1
4337	518	1
5383	518	1
2504	518	1
2689	7811	1
986	7811	1
7858	7811	1
7031	7811	1
457	136	1
473	136	1
2831	136	1
3825	136	1
5576	136	1
2480	136	1
5936	1860	1
5106	1860	1
7353	1860	1
3806	4227	1
933	4227	1
1596	4227	1
6138	5409	1
4680	5409	1
2987	5409	1
417	6458	1
1737	6458	1
3524	6458	1
6417	2998	1
6742	2998	1
2266	2998	1
1192	5338	1
5023	5338	1
7598	5338	1
2411	5338	1
5755	6721	1
592	6721	1
1632	6721	1
571	6721	1
2258	6721	1
1843	5851	1
5251	5851	1
7638	5851	1
7767	86	1
1983	86	1
6398	86	1
7726	4749	1
7198	4749	1
5778	4749	1
5980	4749	1
997	4749	1
3951	4749	1
778	4749	1
1079	2361	1
5050	2361	1
203	2361	1
456	2361	1
7559	2041	1
4603	2041	1
5037	2041	1
1710	6115	1
3188	6115	1
2918	6115	1
531	6794	1
7755	6794	1
3528	6794	1
2078	6794	1
4828	4283	1
3229	4283	1
6056	4283	1
646	112	1
2259	112	1
668	112	1
1581	112	1
1666	112	1
7486	112	1
2850	5170	1
6472	5170	1
6549	5170	1
5291	6358	1
5046	6358	1
5535	6358	1
632	6358	1
2820	6358	1
274	6358	1
4309	6358	1
7138	6358	1
3409	3578	1
5556	3578	1
3042	3578	1
2709	3578	1
3615	3578	1
2796	3578	1
6948	3578	1
5415	3578	1
4103	4959	1
1068	4959	1
3980	4959	1
6220	7345	1
1446	7345	1
3953	7345	1
6262	7345	1
7537	7345	1
6330	958	1
3705	958	1
7259	958	1
5058	958	1
1288	7170	1
7300	7170	1
7644	7170	1
1470	7170	1
7132	4872	1
7306	4872	1
6663	4872	1
4188	5265	1
3232	5265	1
4521	5265	1
3938	5265	1
6447	5854	1
4825	5854	1
5754	5854	1
1846	5854	1
7171	5299	1
4209	5299	1
4729	5299	1
7077	5299	1
2120	2838	1
3088	2838	1
2530	2838	1
6121	2101	1
5275	2101	1
5096	2101	1
4423	2101	1
3083	2101	1
5004	4475	1
3622	4475	1
4087	4475	1
5433	4475	1
7841	1080	1
76	1080	1
6241	1080	1
5280	1080	1
4534	1718	1
3591	1718	1
6064	1718	1
3022	3044	1
4016	3044	1
2722	3044	1
5989	3044	1
3701	3044	1
2909	1790	1
3394	1790	1
6566	1790	1
5276	5331	1
3240	5331	1
2540	5331	1
7340	593	1
6716	593	1
5357	593	1
7117	593	1
3446	4795	1
5207	4795	1
166	4795	1
6945	4795	1
4300	4795	1
793	4795	1
1172	4795	1
4178	4795	1
2124	4795	1
399	4795	1
6733	6949	1
1573	6949	1
4667	6949	1
1212	6949	1
6446	891	1
5144	891	1
1814	891	1
7534	891	1
6194	891	1
622	5992	1
7864	5992	1
3077	5992	1
4890	7209	1
789	7209	1
6828	7209	1
7097	7723	1
141	7723	1
400	7723	1
4659	7723	1
4914	7723	1
3198	7723	1
4050	7723	1
2022	4391	1
2440	4391	1
1831	4391	1
4653	4391	1
6292	2608	1
2158	2608	1
6883	2608	1
6677	2229	1
1716	2229	1
4893	2229	1
3308	2229	1
3541	2685	1
3942	2685	1
7096	2685	1
5054	2685	1
2560	2685	1
5978	2961	1
5287	2961	1
4757	2961	1
3873	452	1
3207	452	1
4662	452	1
4414	452	1
7230	3841	1
1096	3841	1
4311	3841	1
991	3292	1
3348	3292	1
6891	3292	1
3743	1194	1
6174	1194	1
251	1194	1
713	1194	1
4871	1194	1
3360	1194	1
3575	1194	1
333	1194	1
1650	1194	1
3754	385	1
5071	385	1
2836	385	1
7101	385	1
2265	385	1
1350	385	1
7434	385	1
3527	5982	1
4905	5982	1
1055	5982	1
6712	1705	1
6862	1705	1
1859	1705	1
1078	1705	1
6286	1705	1
6723	1705	1
4949	1801	1
2205	1801	1
45	1801	1
4988	1801	1
6315	1909	1
143	1909	1
2425	1909	1
5550	1909	1
1088	1909	1
5105	5906	1
1159	5906	1
7286	5906	1
3327	1046	1
3257	1046	1
6980	1046	1
287	659	1
4036	659	1
7250	659	1
1901	659	1
2350	659	1
7221	659	1
3835	7620	1
1836	7620	1
6492	7620	1
6395	4728	1
5945	4728	1
5138	4728	1
5114	4728	1
7182	4728	1
5855	123	1
3815	123	1
4932	123	1
5259	883	1
7103	883	1
5439	883	1
4697	2710	1
2407	2710	1
1927	2710	1
5680	2710	1
2585	3904	1
7684	3904	1
6470	3904	1
3598	2402	1
4156	2402	1
5422	2402	1
5924	2402	1
2269	2402	1
6523	2494	1
99	2494	1
4154	2494	1
2395	2494	1
7081	2494	1
4263	2494	1
3907	7178	1
7452	7178	1
7394	7178	1
3809	1734	1
916	1734	1
7035	1734	1
2580	805	1
6906	805	1
1282	805	1
5418	1395	1
3470	1395	1
354	1395	1
4026	3745	1
1621	3745	1
6737	3745	1
2612	3745	1
5965	3745	1
2312	378	1
3735	378	1
4420	378	1
2086	378	1
3983	378	1
2997	378	1
5756	4116	1
3305	4116	1
3096	4116	1
2146	2514	1
3764	2514	1
453	2514	1
4952	6459	1
1833	6459	1
1802	6459	1
1114	3161	1
5003	3161	1
61	3161	1
4620	3161	1
7141	3161	1
7139	3161	1
2270	3161	1
734	3161	1
6322	3161	1
2152	6400	1
7055	6400	1
5212	6400	1
7517	6400	1
1017	6450	1
1663	6450	1
1827	6450	1
5744	6450	1
110	3940	1
1205	3940	1
4513	3940	1
225	536	1
6925	536	1
4303	536	1
512	7494	1
3028	7494	1
3389	7494	1
4366	7494	1
7824	6835	1
6976	6835	1
336	6835	1
2927	7581	1
6858	7581	1
413	7581	1
2061	7581	1
4816	4308	1
6805	4308	1
3000	4308	1
3879	2040	1
4502	2040	1
334	2040	1
3670	5760	1
5748	5760	1
3950	5760	1
679	4275	1
4693	4275	1
3546	4275	1
6388	767	1
1066	767	1
4997	767	1
3989	5260	1
4673	5260	1
2814	5260	1
3384	5260	1
1954	5260	1
7481	5260	1
2694	3897	1
749	3897	1
1885	3897	1
352	3596	1
1471	3596	1
4777	3596	1
5335	711	1
7868	711	1
4049	711	1
6522	375	1
6601	375	1
7738	375	1
5292	528	1
1807	528	1
3963	528	1
255	4601	1
4963	4601	1
294	4601	1
3831	4601	1
971	716	1
773	716	1
610	716	1
1070	7518	1
2293	7518	1
5294	7518	1
234	7518	1
3741	5629	1
1333	5629	1
3833	5629	1
1998	2260	1
1510	2260	1
1706	2260	1
1218	2260	1
3400	183	1
7438	183	1
5219	183	1
7008	1555	1
524	1555	1
6270	1555	1
3845	1555	1
2477	7144	1
3023	7144	1
1439	7144	1
5768	5221	1
3428	5221	1
7556	5221	1
2548	5221	1
6662	5221	1
7060	1588	1
3321	1588	1
1390	1588	1
7229	5563	1
1403	5563	1
1702	5563	1
3590	2272	1
1022	2272	1
4208	2272	1
5055	6612	1
5051	6612	1
5910	6612	1
2063	6612	1
1003	6612	1
2777	5939	1
5487	5939	1
107	5939	1
1151	1917	1
3827	1917	1
1249	1917	1
2990	6634	1
858	6634	1
2768	6634	1
405	6434	1
3186	6434	1
6718	6434	1
6568	6783	1
6808	6783	1
6775	6783	1
6776	5097	1
2354	5097	1
1963	5097	1
4174	7217	1
4901	7217	1
2656	7217	1
3014	1907	1
928	1907	1
5016	1907	1
6393	4007	1
4673	4007	1
2619	4007	1
6367	4213	1
597	4213	1
6562	4213	1
6055	4213	1
4581	4213	1
7023	810	1
727	810	1
2026	810	1
1300	2749	1
6669	2749	1
414	2749	1
3029	7847	1
6267	7847	1
2131	7847	1
2235	7685	1
5976	7685	1
890	7685	1
1397	6324	1
5770	6324	1
5738	6324	1
6977	6324	1
6313	5869	1
2973	5869	1
3744	5869	1
4260	5869	1
7408	2383	1
4201	2383	1
4269	2383	1
7823	7406	1
6242	7406	1
2178	7406	1
3002	1455	1
6238	1455	1
298	1455	1
5930	2115	1
5986	2115	1
3102	2115	1
167	5340	1
2559	5340	1
2776	5340	1
2279	7857	1
2678	7857	1
5955	7857	1
2250	4538	1
7563	4538	1
4204	4538	1
7573	7232	1
802	7232	1
3988	7232	1
4211	7232	1
7513	4294	1
686	4294	1
6772	4294	1
2661	4294	1
3574	3385	1
3945	3385	1
5690	3385	1
3033	3385	1
540	3385	1
4938	3385	1
2759	892	1
4916	892	1
2586	892	1
6706	1698	1
866	1698	1
2228	1698	1
5922	697	1
2192	697	1
4466	697	1
4796	6026	1
4524	6026	1
5313	6026	1
6676	4908	1
2782	4908	1
2621	4908	1