414:546
509:546
73:296,942
286:296,309,865,892,872
204:309,892,903
23:204,865,942,872,598,131,73
8:204,903,1120,161,131,73
296:396,942
343:396,1120,942,598
131:929,903,942,161
865:929,903,942,872
161:929,892,872
309:929,1120
598:929,903,872
375:929,1120,872
382:929,1120,942
872:903,942
892:903
1096:1120
957:1120
196:1120,942
396:942,872
929:942
903:942
335:1236,916,851
429:1236,851,973
1235:1236
973:1236
193:1236,916,335
30:1236,851,335,379
487:1236
667:1236,916,851,973
791:1236,851
360:1236,916,851
851:1236,916,973
308:578,561,593
159:578,561,1115
460:965,1272,563
563:965
607:1169,1200
63:1200,70
225:934
101:1272,563
584:607
565:1077
1076:1077
92:205,1253,1136,147,837,752,657
48:205,972,1253,147,1280,752
118:466,754,441,1250,1265,1123,1148,697,939,912,981,209,668,560,506,586,553,1182,239
441:466,478,754,829,1123,1148,697,939,912,981,668,560,1143,682,911,586,567,1182
209:466,478,754,441,712,829,1250,1123,1148,697,416,939,912,981,911,1182,239
126:466,754,712,829,1250,1265,1123,1148,697,939,912,981,452,668,560,1143,682,911,506,586,567,553,1182,239
315:466,478,754,441,712,829,1250,1265,1123,697,939,912,981,452,668,560,1143,911,506,586,553,1182
117:466,478,754,441,712,829,697,668,560,682,288,506,363,1182,239
416:466,478,1250,1265,1123,1148,697,939,912,452,668,560,1143,682,911,506,553,1182
252:466,478,754,712,829,1250,1265,1123,1148,416,939,912,981,452,668,560,1143,682,911,506,586,567,1182
363:466,478,1250,1265,1123,1148,697,416,452,668,560,1143,682,553,1182
51:466,478,754,441,712,829,1250,1123,1148,697,939,912,981,452,911,288,117,363,567,1182,53
7:466,478,754,712,829,697,668,560,1143,682,117,1182,53,239
241:466,478,754,441,712,829,1250,1265,1123,697,912,981,668,1143,682,911,506,363,567,553,1182
288:466,754,441,829,1123,697,452,668,1143,682,567
215:466,478,754,441,712,829,1265,1148,939,981,682,911,288,506,586,567,553,1182
466:478,754,829,1250,1123,1148,697,912,981,668,1143,911,506,586,567,1182
53:478,754,441,712,829,1250,1265,1148,697,416,912,981,209,668,911,506,586,567,553,1182,239
239:478,712,829,1123,1148,697,939,912,981,452,668,560,1143,911,363,553,1182
452:478,754,712,829,1250,1265,1148,697,939,912,981,560,911,586,567,1182
207:478,441,712,829,1250,1123,1148,697,939,912,981,668,560,1143,682,506,363,586,567,1182,239
664:754,712,829,1250,1123,1148,697,939,981,668,1143,682,1182
712:754,1250,1265,1123,1148,939,912,981,1143,911,1182
478:754,712,829,1250,1265,697,939,912,981,668,560,1143,506,586,553,1182
682:754,829,1250,1265,1123,1148,697,939,912,981,911,1182
567:754,712,829,1250,1123,697,668,1143,1182
668:754,712,1250,1265,1148,697,939,912,981,1143,682,1182
601:754,1250,1265,1148,697,939,912,981,1143,1182
560:754,712,829,1250,1265,1123,1148,697,939,912,911,567,1182
697:754,1250,1265,1148,939,981,1143,911,1182
815:901,1289
480:901,1289
255:901,1289
901:919,1289
433:919
397:565,602,469
491:565,602
388:916,851
706:916,851,973
552:916,973
916:973
951:973
737:804,767
274:335,379
70:1046,83
28:1009
683:1287
907:1283
108:1283,907,655,945
945:1283
974:1048
10:1159
523:1175,1192
910:1175,1192,1211
314:1175,1211,523
684:1275
558:759
103:759
539:712,829,1250,1265,1123,1148,697,939,912,981,668,560,1143,682,911,586,567,553,1182
586:712,829,1123,697,939,981,668,1143,682,1182
506:712,829,1265,1123,1148,697,668,1143,682,911,1182
626:829,1250,1265,697,912,981,668,1143,682,911,1182
754:829,1250,1265,1123,1148,939,912,981,1143,911,1182
362:907,655
152:907,655,945
655:907
143:907,362,655
179:853
518:853
423:659
659:922
1107:1211,1133
1175:1211
993:1211
104:1211,722,1133
660:1211
1133:1211
1192:1211
722:1211,1084
1084:1211
591:1211
35:1211,591,523,660,104
778:1008
681:1008
22:1008
97:1008
468:1008
701:1008
392:1008
690:1008
136:1008
504:604,671,610
290:604,351
351:504,1219
458:504,971,671,610
175:351
958:1219
696:1219
926:1219
1123:1250,1265,1143,1182
981:1250,1265,1143,1182
911:1250,1123,939,912,1143,1182
1182:1250,1265
1012:1250,1123,1148,1143,1182
1034:1250,1265,1123,1148,1143,1182
1143:1250,1265,1148,1182
1199:1250,1265
829:1250,1123,1148,939,912,981,1143,911,1182
1075:1250,1265,1123,1148,1143,1182
912:1265,1123,1143,1182
939:1265,1123,1143,1182
1148:1265,1182
751:1042
867:1042
34:208
129:410,158
337:410,748,913
158:748,913,236
472:521
285:521
157:1121
571:591,1084,722,660
780:967
232:967,983
967:983
497:925
728:852,881
113:780
154:780
355:435,1206
95:355,189,451,683
435:683
189:683
451:683
553:1123,1148,697,668,560,1143,682,586,1182
85:1289
1058:1289
357:1292
271:1292
72:84
3:159,593
578:1115
40:176
219:362,741
515:741,655,945
406:1027
615:1027,1078
1027:1078
616:882
348:674
577:674
109:406
58:1181
405:1181,461
741:945
528:945
883:1180
1018:1180
819:883
610:971
620:971
145:423
538:1153
164:824
80:203
736:1155,842
187:1155,1266,736,842
1155:1266
1108:1232
1028:1232
408:624,490,1055
490:624,1055
278:490,1055
413:514
657:972,1136,1280,837,752
752:1253,1280,837
205:1253,1280,837,752,657
354:1253,1136,1280,837,657
50:1253,1136,1280,752,657
837:1253,1136
463:1136,1280,837,657
679:1136,837
147:1136,1280,657
223:830
499:557
557:856
847:856
263:978
162:736
570:643
461:548
105:771
248:771
972:1280
1109:1280
1136:1280
1160:1280
576:837,657
82:943
896:1074
36:300
139:1056
906:1060
27:1036
98:1036
194:796
471:488
381:638
719:1055
347:1055
1037:1055
